0 0 0 00    44 13 
0 0 0 01    45 13 
0 0 0 02    40 11 
0 0 0 03    41 11 
0 0 0 04    37 10 
0 0 0 05    38 10 
0 0 0 06    39 10 
0 0 0 07    40 10 
0 0 0 08    44 12 
0 0 0 09    45 12 
0 0 0 10    43 12 
0 0 0 11    41 10 
0 0 0 12    42 11 
0 0 0 13    38 09 
0 0 0 14    39 09 
0 0 0 15    40 09 
0 0 0 16    41 09 
0 0 0 17    43 11 
0 0 0 18    44 11 
0 0 0 19    45 11 
0 0 0 20    38 08 
0 0 0 21    39 08 
0 0 0 22    40 08 
0 0 0 23    41 08 
0 0 0 24    39 07 
0 0 0 25    40 07 
0 0 0 26    41 07 
0 0 0 27    43 10 
0 0 0 28    42 10 
0 0 0 29    42 09 
0 0 0 30    44 10 
0 0 0 31    45 10 
0 0 0 32    42 08 
0 0 0 33    42 07 
0 0 0 34    39 06 
0 0 0 35    40 06 
0 0 0 36    41 06 
0 0 0 37    42 06 
0 0 0 38    40 05 
0 0 0 39    41 05 
0 0 0 40    44 09 
0 0 0 41    45 09 
0 0 0 42    42 05 
0 0 0 43    43 09 
0 0 0 44    40 04 
0 0 0 45    41 04 
0 0 0 46    42 04 
0 0 0 47    43 08 
0 0 0 48    43 07 
0 0 0 49    41 03 
0 0 0 50    44 08 
0 0 0 51    43 01 
0 0 0 52    43 06 
0 0 0 53    45 08 
0 0 0 54    43 05 
0 0 0 55    43 02 
0 0 0 56    42 03 
0 0 0 57    43 03 
0 0 0 58    42 02 
0 0 0 59    43 04 
0 0 0 60    42 01 
0 0 0 61    44 06 
0 0 0 62    44 07 
0 0 0 63    45 07 
0 0 1 00    47 11 
0 0 1 01    48 11 
0 0 1 02    44 05 
0 0 1 03    51 05 
0 0 1 04    44 04 
0 0 1 05    51 04 
0 0 1 06    44 03 
0 0 1 07    51 03 
0 0 1 08    46 10 
0 0 1 09    49 10 
0 0 1 10    44 02 
0 0 1 11    51 02 
0 0 1 12    44 01 
0 0 1 13    51 01 
0 0 1 14    47 10 
0 0 1 15    48 10 
0 0 1 16    46 09 
0 0 1 17    49 09 
0 0 1 18    45 06 
0 0 1 19    50 06 
0 0 1 20    45 05 
0 0 1 21    50 05 
0 0 1 22    47 09 
0 0 1 23    48 09 
0 0 1 24    45 04 
0 0 1 25    50 04 
0 0 1 26    45 03 
0 0 1 27    50 03 
0 0 1 28    45 02 
0 0 1 29    50 02 
0 0 1 30    45 01 
0 0 1 31    50 01 
0 0 1 32    46 08 
0 0 1 33    49 08 
0 0 1 34    47 08 
0 0 1 35    48 08 
0 0 1 36    46 07 
0 0 1 37    49 07 
0 0 1 38    46 06 
0 0 1 39    49 06 
0 0 1 40    46 05 
0 0 1 41    49 05 
0 0 1 42    46 04 
0 0 1 43    49 04 
0 0 1 44    46 03 
0 0 1 45    49 03 
0 0 1 46    46 02 
0 0 1 47    49 02 
0 0 1 48    47 07 
0 0 1 49    48 07 
0 0 1 50    46 01 
0 0 1 51    49 01 
0 0 1 52    47 01 
0 0 1 53    48 01 
0 0 1 54    47 02 
0 0 1 55    48 02 
0 0 1 56    47 06 
0 0 1 57    48 06 
0 0 1 58    47 03 
0 0 1 59    48 03 
0 0 1 60    47 04 
0 0 1 61    48 04 
0 0 1 62    47 05 
0 0 1 63    48 05 
0 0 2 00    50 13 
0 0 2 01    51 13 
0 0 2 02    54 11 
0 0 2 03    55 11 
0 0 2 04    57 10 
0 0 2 05    58 10 
0 0 2 06    55 10 
0 0 2 07    56 10 
0 0 2 08    50 12 
0 0 2 09    51 12 
0 0 2 10    54 10 
0 0 2 11    52 12 
0 0 2 12    57 09 
0 0 2 13    53 11 
0 0 2 14    55 09 
0 0 2 15    56 09 
0 0 2 16    52 11 
0 0 2 17    54 09 
0 0 2 18    50 11 
0 0 2 19    51 11 
0 0 2 20    56 08 
0 0 2 21    57 08 
0 0 2 22    54 08 
0 0 2 23    55 08 
0 0 2 24    55 07 
0 0 2 25    56 07 
0 0 2 26    52 10 
0 0 2 27    54 07 
0 0 2 28    53 09 
0 0 2 29    53 10 
0 0 2 30    50 10 
0 0 2 31    51 10 
0 0 2 32    53 07 
0 0 2 33    53 08 
0 0 2 34    55 06 
0 0 2 35    56 06 
0 0 2 36    53 06 
0 0 2 37    54 06 
0 0 2 38    54 05 
0 0 2 39    55 05 
0 0 2 40    50 09 
0 0 2 41    51 09 
0 0 2 42    52 09 
0 0 2 43    53 05 
0 0 2 44    54 04 
0 0 2 45    55 04 
0 0 2 46    52 08 
0 0 2 47    53 04 
0 0 2 48    54 03 
0 0 2 49    52 07 
0 0 2 50    52 01 
0 0 2 51    51 08 
0 0 2 52    50 08 
0 0 2 53    52 06 
0 0 2 54    52 02 
0 0 2 55    52 05 
0 0 2 56    52 03 
0 0 2 57    53 03 
0 0 2 58    52 04 
0 0 2 59    53 02 
0 0 2 60    51 06 
0 0 2 61    53 01 
0 0 2 62    50 07 
0 0 2 63    51 07 
0 0 3 00    47 16 
0 0 3 01    46 16 
0 0 3 02    47 15 
0 0 3 03    47 14 
0 0 3 04    47 13 
0 0 3 05    47 12 
0 0 3 06    45 17 
0 0 3 07    45 16 
0 0 3 08    46 15 
0 0 3 09    46 14 
0 0 3 10    46 13 
0 0 3 11    46 12 
0 0 3 12    46 11 
0 0 3 13    45 15 
0 0 3 14    45 14 
0 0 3 15    44 14 
0 0 3 16    44 15 
0 0 3 17    44 16 
0 0 3 18    42 12 
0 0 3 19    43 13 
0 0 3 20    43 14 
0 0 3 21    43 15 
0 0 3 22    42 13 
0 0 3 23    42 14 
0 0 3 24    42 15 
0 0 3 25    40 12 
0 0 3 26    43 17 
0 0 3 27    43 16 
0 0 3 28    36 11 
0 0 3 29    37 11 
0 0 3 30    38 11 
0 0 3 31    39 11 
0 0 3 32    41 12 
0 0 3 33    42 16 
0 0 3 34    41 14 
0 0 3 35    41 13 
0 0 3 36    36 12 
0 0 3 37    41 15 
0 0 3 38    38 12 
0 0 3 39    37 12 
0 0 3 40    40 13 
0 0 3 41    39 12 
0 0 3 42    38 13 
0 0 3 43    39 13 
0 0 3 44    36 13 
0 0 3 45    37 13 
0 0 3 46    41 16 
0 0 3 47    35 13 
0 0 3 48    39 14 
0 0 3 49    40 14 
0 0 3 50    37 14 
0 0 3 51    38 14 
0 0 3 52    35 14 
0 0 3 53    36 14 
0 0 3 54    40 15 
0 0 3 55    40 16 
0 0 3 56    38 15 
0 0 3 57    39 15 
0 0 3 58    36 15 
0 0 3 59    37 15 
0 0 3 60    34 15 
0 0 3 61    35 15 
0 0 3 62    34 16 
0 0 3 63    39 16 
0 0 4 00    56 17 
0 0 4 01    56 16 
0 0 4 02    55 16 
0 0 4 03    61 15 
0 0 4 04    60 15 
0 0 4 05    59 15 
0 0 4 06    58 15 
0 0 4 07    57 15 
0 0 4 08    56 15 
0 0 4 09    60 14 
0 0 4 10    59 14 
0 0 4 11    58 14 
0 0 4 12    55 15 
0 0 4 13    57 14 
0 0 4 14    56 14 
0 0 4 15    55 14 
0 0 4 16    54 16 
0 0 4 17    60 13 
0 0 4 18    59 13 
0 0 4 19    58 13 
0 0 4 20    57 13 
0 0 4 21    56 13 
0 0 4 22    55 13 
0 0 4 23    56 12 
0 0 4 24    57 12 
0 0 4 25    58 12 
0 0 4 26    59 12 
0 0 4 27    54 15 
0 0 4 28    54 14 
0 0 4 29    54 13 
0 0 4 30    54 12 
0 0 4 31    53 16 
0 0 4 32    57 11 
0 0 4 33    56 11 
0 0 4 34    59 11 
0 0 4 35    58 11 
0 0 4 36    52 17 
0 0 4 37    52 16 
0 0 4 38    53 15 
0 0 4 39    55 12 
0 0 4 40    53 13 
0 0 4 41    53 14 
0 0 4 42    52 14 
0 0 4 43    52 15 
0 0 4 44    53 12 
0 0 4 45    52 13 
0 0 4 46    51 15 
0 0 4 47    51 16 
0 0 4 48    50 14 
0 0 4 49    51 14 
0 0 4 50    49 11 
0 0 4 51    50 15 
0 0 4 52    49 13 
0 0 4 53    49 12 
0 0 4 54    49 15 
0 0 4 55    49 14 
0 0 4 56    50 17 
0 0 4 57    50 16 
0 0 4 58    48 13 
0 0 4 59    48 12 
0 0 4 60    48 15 
0 0 4 61    48 14 
0 0 4 62    48 16 
0 0 4 63    49 16 
0 1 0 00    45 20 
0 1 0 01    45 19 
0 1 0 02    46 19 
0 1 0 03    47 19 
0 1 0 04    44 20 
0 1 0 05    44 19 
0 1 0 06    47 18 
0 1 0 07    46 18 
0 1 0 08    45 18 
0 1 0 09    47 17 
0 1 0 10    46 17 
0 1 0 11    44 18 
0 1 0 12    44 17 
0 1 0 13    43 18 
0 1 0 14    43 20 
0 1 0 15    43 19 
0 1 0 16    42 20 
0 1 0 17    42 17 
0 1 0 18    42 18 
0 1 0 19    42 19 
0 1 0 20    40 17 
0 1 0 21    41 17 
0 1 0 22    38 16 
0 1 0 23    41 18 
0 1 0 24    38 17 
0 1 0 25    39 17 
0 1 0 26    37 17 
0 1 0 27    37 16 
0 1 0 28    36 17 
0 1 0 29    36 16 
0 1 0 30    35 17 
0 1 0 31    35 16 
0 1 0 32    33 17 
0 1 0 33    34 17 
0 1 0 34    41 20 
0 1 0 35    41 19 
0 1 0 36    39 18 
0 1 0 37    40 18 
0 1 0 38    37 18 
0 1 0 39    38 18 
0 1 0 40    35 18 
0 1 0 41    36 18 
0 1 0 42    33 18 
0 1 0 43    34 18 
0 1 0 44    40 20 
0 1 0 45    32 18 
0 1 0 46    31 20 
0 1 0 47    40 19 
0 1 0 48    33 20 
0 1 0 49    32 20 
0 1 0 50    35 20 
0 1 0 51    34 20 
0 1 0 52    37 20 
0 1 0 53    36 20 
0 1 0 54    39 20 
0 1 0 55    39 19 
0 1 0 56    33 19 
0 1 0 57    32 19 
0 1 0 58    35 19 
0 1 0 59    34 19 
0 1 0 60    37 19 
0 1 0 61    36 19 
0 1 0 62    38 20 
0 1 0 63    38 19 
0 1 1 00    57 20 
0 1 1 01    57 19 
0 1 1 02    58 19 
0 1 1 03    59 19 
0 1 1 04    60 19 
0 1 1 05    61 19 
0 1 1 06    62 19 
0 1 1 07    63 19 
0 1 1 08    58 20 
0 1 1 09    59 20 
0 1 1 10    60 20 
0 1 1 11    56 19 
0 1 1 12    56 20 
0 1 1 13    61 20 
0 1 1 14    62 20 
0 1 1 15    63 20 
0 1 1 16    64 20 
0 1 1 17    63 18 
0 1 1 18    62 18 
0 1 1 19    61 18 
0 1 1 20    60 18 
0 1 1 21    59 18 
0 1 1 22    58 18 
0 1 1 23    55 19 
0 1 1 24    55 20 
0 1 1 25    57 18 
0 1 1 26    56 18 
0 1 1 27    55 18 
0 1 1 28    62 17 
0 1 1 29    61 17 
0 1 1 30    61 16 
0 1 1 31    60 17 
0 1 1 32    60 16 
0 1 1 33    54 19 
0 1 1 34    54 20 
0 1 1 35    54 18 
0 1 1 36    59 17 
0 1 1 37    59 16 
0 1 1 38    58 16 
0 1 1 39    58 17 
0 1 1 40    57 17 
0 1 1 41    57 16 
0 1 1 42    55 17 
0 1 1 43    53 18 
0 1 1 44    53 19 
0 1 1 45    54 17 
0 1 1 46    53 17 
0 1 1 47    52 18 
0 1 1 48    53 20 
0 1 1 49    52 19 
0 1 1 50    52 20 
0 1 1 51    51 17 
0 1 1 52    50 18 
0 1 1 53    51 18 
0 1 1 54    49 17 
0 1 1 55    49 18 
0 1 1 56    48 18 
0 1 1 57    48 17 
0 1 1 58    49 19 
0 1 1 59    48 19 
0 1 1 60    50 20 
0 1 1 61    50 19 
0 1 1 62    51 20 
0 1 1 63    51 19 
0 1 2 00    43 23 
0 1 2 01    43 22 
0 1 2 02    46 22 
0 1 2 03    45 22 
0 1 2 04    44 22 
0 1 2 05    42 22 
0 1 2 06    42 23 
0 1 2 07    42 21 
0 1 2 08    43 21 
0 1 2 09    44 21 
0 1 2 10    45 21 
0 1 2 11    46 21 
0 1 2 12    47 21 
0 1 2 13    46 20 
0 1 2 14    42 24 
0 1 2 15    47 20 
0 1 2 16    41 23 
0 1 2 17    41 22 
0 1 2 18    41 24 
0 1 2 19    41 21 
0 1 2 20    40 24 
0 1 2 21    39 24 
0 1 2 22    38 24 
0 1 2 23    40 21 
0 1 2 24    40 23 
0 1 2 25    40 22 
0 1 2 26    38 21 
0 1 2 27    39 21 
0 1 2 28    36 21 
0 1 2 29    37 21 
0 1 2 30    39 23 
0 1 2 31    35 21 
0 1 2 32    33 21 
0 1 2 33    34 21 
0 1 2 34    31 21 
0 1 2 35    32 21 
0 1 2 36    29 24 
0 1 2 37    39 22 
0 1 2 38    31 24 
0 1 2 39    30 24 
0 1 2 40    33 24 
0 1 2 41    32 24 
0 1 2 42    35 24 
0 1 2 43    34 24 
0 1 2 44    37 24 
0 1 2 45    36 24 
0 1 2 46    38 23 
0 1 2 47    38 22 
0 1 2 48    34 22 
0 1 2 49    35 22 
0 1 2 50    32 22 
0 1 2 51    33 22 
0 1 2 52    37 23 
0 1 2 53    37 22 
0 1 2 54    30 22 
0 1 2 55    31 22 
0 1 2 56    31 23 
0 1 2 57    30 23 
0 1 2 58    33 23 
0 1 2 59    32 23 
0 1 2 60    35 23 
0 1 2 61    34 23 
0 1 2 62    36 23 
0 1 2 63    36 22 
0 1 3 00    59 23 
0 1 3 01    59 22 
0 1 3 02    60 23 
0 1 3 03    60 22 
0 1 3 04    61 23 
0 1 3 05    61 22 
0 1 3 06    62 23 
0 1 3 07    62 22 
0 1 3 08    63 23 
0 1 3 09    63 22 
0 1 3 10    58 23 
0 1 3 11    58 22 
0 1 3 12    64 23 
0 1 3 13    64 22 
0 1 3 14    65 23 
0 1 3 15    65 22 
0 1 3 16    58 24 
0 1 3 17    58 21 
0 1 3 18    57 24 
0 1 3 19    59 21 
0 1 3 20    57 23 
0 1 3 21    57 22 
0 1 3 22    59 24 
0 1 3 23    60 21 
0 1 3 24    60 24 
0 1 3 25    61 21 
0 1 3 26    61 24 
0 1 3 27    62 21 
0 1 3 28    62 24 
0 1 3 29    63 21 
0 1 3 30    56 24 
0 1 3 31    64 21 
0 1 3 32    56 23 
0 1 3 33    56 22 
0 1 3 34    63 24 
0 1 3 35    57 21 
0 1 3 36    64 24 
0 1 3 37    56 21 
0 1 3 38    65 24 
0 1 3 39    55 22 
0 1 3 40    66 24 
0 1 3 41    55 21 
0 1 3 42    55 23 
0 1 3 43    54 21 
0 1 3 44    55 24 
0 1 3 45    53 21 
0 1 3 46    54 23 
0 1 3 47    54 22 
0 1 3 48    54 24 
0 1 3 49    52 21 
0 1 3 50    50 21 
0 1 3 51    51 21 
0 1 3 52    49 21 
0 1 3 53    49 20 
0 1 3 54    48 21 
0 1 3 55    48 20 
0 1 3 56    53 24 
0 1 3 57    49 22 
0 1 3 58    51 22 
0 1 3 59    50 22 
0 1 3 60    53 23 
0 1 3 61    53 22 
0 1 3 62    52 23 
0 1 3 63    52 22 
0 1 4 00    51 26 
0 1 4 01    51 25 
0 1 4 02    52 26 
0 1 4 03    52 25 
0 1 4 04    53 26 
0 1 4 05    53 25 
0 1 4 06    50 26 
0 1 4 07    50 25 
0 1 4 08    53 27 
0 1 4 09    50 24 
0 1 4 10    52 28 
0 1 4 11    51 24 
0 1 4 12    52 27 
0 1 4 13    52 24 
0 1 4 14    51 27 
0 1 4 15    49 25 
0 1 4 16    50 27 
0 1 4 17    49 24 
0 1 4 18    49 26 
0 1 4 19    51 23 
0 1 4 20    49 27 
0 1 4 21    50 23 
0 1 4 23    49 23 
0 1 4 24    48 27 
0 1 4 25    48 25 
0 1 4 26    48 26 
0 1 4 27    48 24 
0 1 4 28    48 23 
0 1 4 29    48 22 
0 1 4 34    47 23 
0 1 4 35    47 22 
0 1 4 36    47 26 
0 1 4 37    47 24 
0 1 4 38    47 27 
0 1 4 39    47 25 
0 1 4 41    46 23 
0 1 4 42    46 27 
0 1 4 43    45 23 
0 1 4 44    46 26 
0 1 4 45    44 23 
0 1 4 46    45 27 
0 1 4 47    46 24 
0 1 4 48    44 27 
0 1 4 49    46 25 
0 1 4 50    43 27 
0 1 4 51    43 24 
0 1 4 52    43 28 
0 1 4 53    44 24 
0 1 4 54    42 27 
0 1 4 55    45 24 
0 1 4 56    45 26 
0 1 4 57    45 25 
0 1 4 58    42 26 
0 1 4 59    42 25 
0 1 4 60    43 26 
0 1 4 61    43 25 
0 1 4 62    44 26 
0 1 4 63    44 25 
0 2 0 00    41 27 
0 2 0 01    41 26 
0 2 0 02    42 28 
0 2 0 03    41 25 
0 2 0 04    41 28 
0 2 0 05    40 25 
0 2 0 06    40 27 
0 2 0 07    40 26 
0 2 0 08    40 28 
0 2 0 12    39 28 
0 2 0 13    39 25 
0 2 0 14    39 27 
0 2 0 15    39 26 
0 2 0 20    38 28 
0 2 0 21    38 25 
0 2 0 22    38 27 
0 2 0 23    38 26 
0 2 0 24    36 25 
0 2 0 25    37 25 
0 2 0 26    34 25 
0 2 0 27    35 25 
0 2 0 28    32 25 
0 2 0 29    33 25 
0 2 0 30    30 25 
0 2 0 31    31 25 
0 2 0 32    37 28 
0 2 0 33    29 25 
0 2 0 34    37 27 
0 2 0 35    28 25 
0 2 0 36    36 28 
0 2 0 37    37 26 
0 2 0 38    30 28 
0 2 0 39    29 28 
0 2 0 40    32 28 
0 2 0 41    31 28 
0 2 0 42    34 28 
0 2 0 43    33 28 
0 2 0 44    36 27 
0 2 0 45    35 28 
0 2 0 46    28 26 
0 2 0 47    36 26 
0 2 0 48    30 26 
0 2 0 49    29 26 
0 2 0 50    32 26 
0 2 0 51    31 26 
0 2 0 52    35 27 
0 2 0 53    33 26 
0 2 0 54    27 27 
0 2 0 55    35 26 
0 2 0 56    29 27 
0 2 0 57    28 27 
0 2 0 58    31 27 
0 2 0 59    30 27 
0 2 0 60    33 27 
0 2 0 61    32 27 
0 2 0 62    34 27 
0 2 0 63    34 26 
0 2 1 00    61 27 
0 2 1 01    61 26 
0 2 1 02    63 27 
0 2 1 03    62 27 
0 2 1 04    65 27 
0 2 1 05    64 27 
0 2 1 06    67 27 
0 2 1 07    66 27 
0 2 1 08    60 26 
0 2 1 09    68 27 
0 2 1 10    60 27 
0 2 1 11    62 26 
0 2 1 12    64 26 
0 2 1 13    63 26 
0 2 1 14    66 26 
0 2 1 15    65 26 
0 2 1 16    68 28 
0 2 1 17    67 26 
0 2 1 18    66 28 
0 2 1 19    67 28 
0 2 1 20    59 27 
0 2 1 21    65 28 
0 2 1 22    59 28 
0 2 1 23    59 26 
0 2 1 24    63 28 
0 2 1 25    64 28 
0 2 1 26    61 28 
0 2 1 27    62 28 
0 2 1 28    58 28 
0 2 1 29    60 28 
0 2 1 30    58 27 
0 2 1 31    58 26 
0 2 1 32    60 25 
0 2 1 33    59 25 
0 2 1 34    62 25 
0 2 1 35    61 25 
0 2 1 36    64 25 
0 2 1 37    63 25 
0 2 1 38    66 25 
0 2 1 39    65 25 
0 2 1 40    57 27 
0 2 1 41    67 25 
0 2 1 43    57 26 
0 2 1 45    58 25 
0 2 1 47    57 25 
0 2 1 49    56 25 
0 2 1 50    56 27 
0 2 1 51    56 26 
0 2 1 54    55 28 
0 2 1 56    54 28 
0 2 1 57    55 25 
0 2 1 58    55 27 
0 2 1 59    55 26 
0 2 1 60    53 28 
0 2 1 61    54 25 
0 2 1 62    54 27 
0 2 1 63    54 26 
0 2 2 00    40 30 
0 2 2 01    40 29 
0 2 2 02    40 32 
0 2 2 03    40 31 
0 2 2 04    39 31 
0 2 2 05    39 32 
0 2 2 06    39 30 
0 2 2 07    39 29 
0 2 2 08    29 32 
0 2 2 09    38 29 
0 2 2 10    38 32 
0 2 2 11    30 32 
0 2 2 12    38 30 
0 2 2 13    38 31 
0 2 2 14    32 32 
0 2 2 15    31 32 
0 2 2 16    34 32 
0 2 2 17    33 32 
0 2 2 18    36 32 
0 2 2 19    35 32 
0 2 2 20    37 31 
0 2 2 21    37 32 
0 2 2 22    37 30 
0 2 2 23    37 29 
0 2 2 24    27 32 
0 2 2 25    28 32 
0 2 2 26    25 32 
0 2 2 27    26 32 
0 2 2 28    35 31 
0 2 2 29    34 31 
0 2 2 30    36 31 
0 2 2 31    33 31 
0 2 2 32    36 30 
0 2 2 33    36 29 
0 2 2 34    31 31 
0 2 2 35    32 31 
0 2 2 36    29 31 
0 2 2 37    30 31 
0 2 2 38    27 31 
0 2 2 39    28 31 
0 2 2 40    25 31 
0 2 2 41    26 31 
0 2 2 42    35 30 
0 2 2 43    35 29 
0 2 2 44    27 28 
0 2 2 45    28 28 
0 2 2 46    27 29 
0 2 2 47    26 29 
0 2 2 48    29 29 
0 2 2 49    28 29 
0 2 2 50    31 29 
0 2 2 51    30 29 
0 2 2 52    34 30 
0 2 2 53    32 29 
0 2 2 54    26 30 
0 2 2 55    34 29 
0 2 2 56    28 30 
0 2 2 57    27 30 
0 2 2 58    30 30 
0 2 2 59    29 30 
0 2 2 60    32 30 
0 2 2 61    31 30 
0 2 2 62    33 30 
0 2 2 63    33 29 
0 2 3 00    51 30 
0 2 3 01    51 29 
0 2 3 02    52 30 
0 2 3 03    52 29 
0 2 3 04    53 30 
0 2 3 05    53 29 
0 2 3 06    54 30 
0 2 3 07    54 29 
0 2 3 08    50 30 
0 2 3 09    50 29 
0 2 3 10    54 31 
0 2 3 11    51 28 
0 2 3 12    53 31 
0 2 3 13    50 28 
0 2 3 14    52 31 
0 2 3 15    51 31 
0 2 3 16    50 31 
0 2 3 17    49 31 
0 2 3 18    49 30 
0 2 3 19    49 29 
0 2 3 20    54 32 
0 2 3 21    49 28 
0 2 3 22    53 32 
0 2 3 23    52 32 
0 2 3 24    51 32 
0 2 3 25    50 32 
0 2 3 26    49 32 
0 2 3 27    48 32 
0 2 3 28    48 31 
0 2 3 29    48 29 
0 2 3 30    48 30 
0 2 3 31    48 28 
0 2 3 32    47 30 
0 2 3 33    47 28 
0 2 3 34    47 31 
0 2 3 35    47 29 
0 2 3 36    46 32 
0 2 3 37    47 32 
0 2 3 38    44 32 
0 2 3 39    45 32 
0 2 3 40    42 32 
0 2 3 41    43 32 
0 2 3 42    41 32 
0 2 3 43    46 28 
0 2 3 44    46 30 
0 2 3 45    46 29 
0 2 3 46    45 31 
0 2 3 47    46 31 
0 2 3 48    43 31 
0 2 3 49    44 31 
0 2 3 50    42 31 
0 2 3 51    45 28 
0 2 3 52    41 31 
0 2 3 53    44 28 
0 2 3 54    45 30 
0 2 3 55    45 29 
0 2 3 56    41 30 
0 2 3 57    41 29 
0 2 3 58    42 30 
0 2 3 59    42 29 
0 2 3 60    43 30 
0 2 3 61    43 29 
0 2 3 62    44 30 
0 2 3 63    44 29 
0 2 4 00    62 30 
0 2 4 01    62 29 
0 2 4 02    63 30 
0 2 4 03    64 30 
0 2 4 04    65 30 
0 2 4 05    66 30 
0 2 4 06    67 30 
0 2 4 07    68 30 
0 2 4 08    69 30 
0 2 4 09    61 29 
0 2 4 10    61 30 
0 2 4 11    63 29 
0 2 4 12    64 29 
0 2 4 13    65 29 
0 2 4 14    66 29 
0 2 4 15    67 29 
0 2 4 16    68 29 
0 2 4 17    69 29 
0 2 4 18    60 30 
0 2 4 19    60 29 
0 2 4 20    70 31 
0 2 4 21    69 31 
0 2 4 22    68 31 
0 2 4 23    67 31 
0 2 4 24    66 31 
0 2 4 25    65 31 
0 2 4 26    64 31 
0 2 4 27    63 31 
0 2 4 28    60 31 
0 2 4 29    59 29 
0 2 4 30    59 30 
0 2 4 31    59 31 
0 2 4 32    61 31 
0 2 4 33    62 31 
0 2 4 34    70 32 
0 2 4 35    69 32 
0 2 4 36    68 32 
0 2 4 37    67 32 
0 2 4 38    58 31 
0 2 4 39    58 32 
0 2 4 40    58 30 
0 2 4 41    58 29 
0 2 4 42    59 32 
0 2 4 43    60 32 
0 2 4 44    61 32 
0 2 4 45    62 32 
0 2 4 46    63 32 
0 2 4 47    64 32 
0 2 4 48    65 32 
0 2 4 49    66 32 
0 2 4 50    57 32 
0 2 4 51    57 30 
0 2 4 52    57 31 
0 2 4 53    57 29 
0 2 4 54    56 32 
0 2 4 55    57 28 
0 2 4 56    56 31 
0 2 4 57    56 28 
0 2 4 58    56 30 
0 2 4 59    56 29 
0 2 4 60    55 32 
0 2 4 61    55 31 
0 2 4 62    55 30 
0 2 4 63    55 29 
0 3 0 00    28 43 
0 3 0 01    27 43 
0 3 0 02    27 42 
0 3 0 03    27 41 
0 3 0 04    21 40 
0 3 0 05    22 40 
0 3 0 06    28 42 
0 3 0 07    23 40 
0 3 0 08    24 40 
0 3 0 09    25 40 
0 3 0 10    26 40 
0 3 0 11    21 39 
0 3 0 12    22 39 
0 3 0 13    23 39 
0 3 0 14    27 40 
0 3 0 15    29 42 
0 3 0 16    24 39 
0 3 0 18    25 39 
0 3 0 19    29 41 
0 3 0 20    28 41 
0 3 0 21    26 39 
0 3 0 22    27 39 
0 3 0 23    30 41 
0 3 0 24    28 40 
0 3 0 25    29 40 
0 3 0 26    22 38 
0 3 0 27    23 38 
0 3 0 28    24 38 
0 3 0 29    25 38 
0 3 0 30    22 37 
0 3 0 31    30 40 
0 3 0 32    23 37 
0 3 0 33    29 39 
0 3 0 34    24 37 
0 3 0 35    26 38 
0 3 0 36    28 39 
0 3 0 37    27 38 
0 3 0 38    23 36 
0 3 0 39    24 36 
0 3 0 40    25 37 
0 3 0 41    23 35 
0 3 0 42    24 35 
0 3 0 43    25 36 
0 3 0 44    25 35 
0 3 0 45    29 38 
0 3 0 46    28 38 
0 3 0 47    24 34 
0 3 0 48    24 33 
0 3 0 49    26 37 
0 3 0 50    27 37 
0 3 0 51    25 34 
0 3 0 52    25 33 
0 3 0 53    26 36 
0 3 0 54    26 35 
0 3 0 55    26 34 
0 3 0 56    26 33 
0 3 0 57    29 37 
0 3 0 58    28 37 
0 3 0 59    27 36 
0 3 0 60    27 35 
0 3 0 61    27 34 
0 3 0 62    27 33 
0 3 0 63    28 36 
0 3 1 00    31 43 
0 3 1 01    32 43 
0 3 1 02    30 47 
0 3 1 03    31 44 
0 3 1 04    29 47 
0 3 1 05    31 45 
0 3 1 06    31 42 
0 3 1 07    32 42 
0 3 1 08    28 47 
0 3 1 09    31 46 
0 3 1 10    27 47 
0 3 1 11    31 47 
0 3 1 12    30 46 
0 3 1 13    32 44 
0 3 1 14    30 45 
0 3 1 15    32 45 
0 3 1 16    31 41 
0 3 1 17    32 41 
0 3 1 18    30 44 
0 3 1 19    32 46 
0 3 1 20    30 43 
0 3 1 21    32 47 
0 3 1 22    29 46 
0 3 1 23    30 42 
0 3 1 24    27 46 
0 3 1 25    28 46 
0 3 1 26    31 40 
0 3 1 27    32 40 
0 3 1 28    28 45 
0 3 1 29    29 45 
0 3 1 30    29 44 
0 3 1 31    27 45 
0 3 1 32    27 44 
0 3 1 33    28 44 
0 3 1 34    29 43 
0 3 1 35    30 39 
0 3 1 36    31 39 
0 3 1 37    32 39 
0 3 1 39    30 38 
0 3 1 40    29 36 
0 3 1 41    28 35 
0 3 1 42    29 35 
0 3 1 43    28 34 
0 3 1 44    29 34 
0 3 1 45    28 33 
0 3 1 46    31 38 
0 3 1 47    32 38 
0 3 1 48    29 33 
0 3 1 49    30 37 
0 3 1 50    30 36 
0 3 1 51    30 35 
0 3 1 52    30 34 
0 3 1 53    30 33 
0 3 1 54    31 33 
0 3 1 55    32 33 
0 3 1 56    31 37 
0 3 1 57    32 37 
0 3 1 58    31 34 
0 3 1 59    32 34 
0 3 1 60    31 35 
0 3 1 61    32 35 
0 3 1 62    31 36 
0 3 1 63    32 36 
0 3 2 00    34 43 
0 3 2 01    35 43 
0 3 2 02    34 44 
0 3 2 03    35 44 
0 3 2 04    34 45 
0 3 2 05    35 45 
0 3 2 06    34 46 
0 3 2 07    35 46 
0 3 2 08    34 47 
0 3 2 09    35 47 
0 3 2 10    34 42 
0 3 2 11    35 42 
0 3 2 12    33 47 
0 3 2 13    36 47 
0 3 2 14    33 46 
0 3 2 15    36 46 
0 3 2 16    33 45 
0 3 2 17    36 45 
0 3 2 18    33 44 
0 3 2 19    36 44 
0 3 2 20    34 41 
0 3 2 21    35 41 
0 3 2 22    33 43 
0 3 2 23    36 43 
0 3 2 24    33 42 
0 3 2 25    36 42 
0 3 2 26    33 41 
0 3 2 27    37 42 
0 3 2 28    34 40 
0 3 2 29    36 41 
0 3 2 30    33 40 
0 3 2 31    35 40 
0 3 2 32    36 40 
0 3 2 33    37 41 
0 3 2 34    33 39 
0 3 2 35    37 40 
0 3 2 36    34 39 
0 3 2 37    35 39 
0 3 2 38    36 39 
0 3 2 39    37 39 
0 3 2 40    33 38 
0 3 2 41    36 38 
0 3 2 42    33 37 
0 3 2 43    36 37 
0 3 2 44    34 38 
0 3 2 45    35 38 
0 3 2 46    33 36 
0 3 2 47    36 36 
0 3 2 48    33 35 
0 3 2 49    36 35 
0 3 2 50    33 34 
0 3 2 51    36 34 
0 3 2 52    33 33 
0 3 2 53    36 33 
0 3 2 54    34 37 
0 3 2 55    35 37 
0 3 2 56    34 33 
0 3 2 57    35 33 
0 3 2 58    34 34 
0 3 2 59    35 34 
0 3 2 60    34 35 
0 3 2 61    35 35 
0 3 2 62    34 36 
0 3 2 63    35 36 
0 3 3 00    44 37 
0 3 3 01    44 36 
0 3 3 02    45 37 
0 3 3 03    45 36 
0 3 3 04    46 37 
0 3 3 05    46 36 
0 3 3 06    47 37 
0 3 3 07    47 36 
0 3 3 08    43 37 
0 3 3 09    43 36 
0 3 3 10    47 38 
0 3 3 11    47 35 
0 3 3 12    46 38 
0 3 3 13    46 35 
0 3 3 14    45 38 
0 3 3 15    45 35 
0 3 3 16    44 38 
0 3 3 17    42 36 
0 3 3 18    43 38 
0 3 3 19    44 35 
0 3 3 20    42 37 
0 3 3 21    43 35 
0 3 3 22    41 37 
0 3 3 23    42 35 
0 3 3 24    47 34 
0 3 3 25    41 36 
0 3 3 26    45 34 
0 3 3 27    46 34 
0 3 3 28    43 34 
0 3 3 29    44 34 
0 3 3 30    41 34 
0 3 3 31    42 34 
0 3 3 32    40 37 
0 3 3 33    41 35 
0 3 3 34    40 35 
0 3 3 35    40 36 
0 3 3 36    46 33 
0 3 3 37    47 33 
0 3 3 38    44 33 
0 3 3 39    45 33 
0 3 3 40    42 33 
0 3 3 41    43 33 
0 3 3 42    40 34 
0 3 3 43    41 33 
0 3 3 44    39 37 
0 3 3 45    40 33 
0 3 3 46    39 35 
0 3 3 47    39 36 
0 3 3 48    39 33 
0 3 3 49    39 34 
0 3 3 52    38 34 
0 3 3 53    38 33 
0 3 3 55    38 35 
0 3 3 56    38 37 
0 3 3 57    38 36 
0 3 3 58    37 34 
0 3 3 59    37 33 
0 3 3 60    37 38 
0 3 3 61    37 35 
0 3 3 62    37 37 
0 3 3 63    37 36 
0 3 4 00    21 48 
0 3 4 01    22 48 
0 3 4 02    19 48 
0 3 4 03    20 48 
0 3 4 04    26 47 
0 3 4 05    18 48 
0 3 4 06    25 47 
0 3 4 07    17 48 
0 3 4 08    23 47 
0 3 4 09    24 47 
0 3 4 10    21 47 
0 3 4 11    22 47 
0 3 4 12    19 47 
0 3 4 13    20 47 
0 3 4 14    26 46 
0 3 4 15    18 47 
0 3 4 16    25 46 
0 3 4 17    17 47 
0 3 4 18    23 46 
0 3 4 19    24 46 
0 3 4 20    21 46 
0 3 4 21    22 46 
0 3 4 22    19 46 
0 3 4 23    20 46 
0 3 4 24    26 45 
0 3 4 25    18 46 
0 3 4 26    24 45 
0 3 4 27    25 45 
0 3 4 28    22 45 
0 3 4 29    23 45 
0 3 4 30    20 45 
0 3 4 31    21 45 
0 3 4 32    26 44 
0 3 4 33    19 45 
0 3 4 34    25 44 
0 3 4 35    18 45 
0 3 4 36    23 44 
0 3 4 37    24 44 
0 3 4 38    21 44 
0 3 4 39    22 44 
0 3 4 40    19 44 
0 3 4 41    20 44 
0 3 4 42    26 43 
0 3 4 43    25 43 
0 3 4 44    23 43 
0 3 4 45    24 43 
0 3 4 46    21 43 
0 3 4 47    22 43 
0 3 4 48    19 43 
0 3 4 49    20 43 
0 3 4 50    24 42 
0 3 4 51    25 42 
0 3 4 52    26 42 
0 3 4 53    23 42 
0 3 4 54    21 42 
0 3 4 55    22 42 
0 3 4 56    20 41 
0 3 4 57    20 42 
0 3 4 58    22 41 
0 3 4 59    21 41 
0 3 4 60    24 41 
0 3 4 61    23 41 
0 3 4 62    26 41 
0 3 4 63    25 41 
0 4 0 00    40 48 
0 4 0 01    41 48 
0 4 0 02    39 48 
0 4 0 03    42 48 
0 4 0 04    40 47 
0 4 0 05    41 47 
0 4 0 06    39 47 
0 4 0 07    42 47 
0 4 0 08    37 47 
0 4 0 09    38 47 
0 4 0 10    37 46 
0 4 0 11    42 46 
0 4 0 12    38 46 
0 4 0 13    41 46 
0 4 0 14    40 46 
0 4 0 15    39 46 
0 4 0 18    37 45 
0 4 0 20    38 45 
0 4 0 22    39 45 
0 4 0 23    41 45 
0 4 0 24    40 45 
0 4 0 25    42 45 
0 4 0 27    37 44 
0 4 0 28    38 44 
0 4 0 29    39 44 
0 4 0 30    37 43 
0 4 0 31    42 44 
0 4 0 32    40 44 
0 4 0 33    41 44 
0 4 0 34    38 43 
0 4 0 35    38 42 
0 4 0 36    38 41 
0 4 0 37    38 40 
0 4 0 38    38 39 
0 4 0 39    38 38 
0 4 0 40    40 43 
0 4 0 41    42 43 
0 4 0 42    39 43 
0 4 0 43    41 43 
0 4 0 44    39 42 
0 4 0 45    42 42 
0 4 0 46    39 41 
0 4 0 47    42 41 
0 4 0 48    39 40 
0 4 0 49    42 40 
0 4 0 50    39 39 
0 4 0 51    42 39 
0 4 0 52    39 38 
0 4 0 53    42 38 
0 4 0 54    40 42 
0 4 0 55    41 42 
0 4 0 56    40 38 
0 4 0 57    41 38 
0 4 0 58    40 39 
0 4 0 59    41 39 
0 4 0 60    40 40 
0 4 0 61    41 40 
0 4 0 62    40 41 
0 4 0 63    41 41 
0 4 1 00    43 48 
0 4 1 01    44 48 
0 4 1 02    43 49 
0 4 1 03    44 49 
0 4 1 04    43 50 
0 4 1 05    44 50 
0 4 1 06    43 47 
0 4 1 07    44 47 
0 4 1 08    45 50 
0 4 1 09    45 49 
0 4 1 10    45 48 
0 4 1 11    45 47 
0 4 1 12    46 50 
0 4 1 13    46 49 
0 4 1 14    46 48 
0 4 1 15    45 46 
0 4 1 16    43 46 
0 4 1 17    44 46 
0 4 1 18    46 47 
0 4 1 19    47 50 
0 4 1 20    47 49 
0 4 1 21    47 48 
0 4 1 22    47 47 
0 4 1 23    46 46 
0 4 1 24    47 46 
0 4 1 25    44 45 
0 4 1 26    43 45 
0 4 1 27    45 45 
0 4 1 28    46 45 
0 4 1 29    47 45 
0 4 1 33    47 44 
0 4 1 34    43 44 
0 4 1 35    46 44 
0 4 1 37    45 44 
0 4 1 38    47 43 
0 4 1 39    44 44 
0 4 1 40    46 43 
0 4 1 41    47 42 
0 4 1 42    45 43 
0 4 1 43    46 42 
0 4 1 44    43 43 
0 4 1 45    44 43 
0 4 1 46    47 40 
0 4 1 47    47 41 
0 4 1 48    46 41 
0 4 1 49    47 39 
0 4 1 50    46 39 
0 4 1 51    46 40 
0 4 1 52    45 41 
0 4 1 53    45 42 
0 4 1 54    45 39 
0 4 1 55    45 40 
0 4 1 56    43 42 
0 4 1 57    44 42 
0 4 1 58    43 39 
0 4 1 59    44 39 
0 4 1 60    43 40 
0 4 1 61    44 40 
0 4 1 62    43 41 
0 4 1 63    44 41 
0 5 0 00    17 58 
0 5 0 01    18 58 
0 5 0 02    19 57 
0 5 0 03    16 58 
0 5 0 04    21 56 
0 5 0 05    18 57 
0 5 0 06    16 57 
0 5 0 07    17 57 
0 5 0 08    14 57 
0 5 0 09    15 57 
0 5 0 10    20 56 
0 5 0 11    13 57 
0 5 0 12    21 55 
0 5 0 13    19 56 
0 5 0 14    17 56 
0 5 0 15    18 56 
0 5 0 16    15 56 
0 5 0 17    16 56 
0 5 0 18    13 56 
0 5 0 19    14 56 
0 5 0 20    19 55 
0 5 0 21    20 55 
0 5 0 22    21 54 
0 5 0 23    18 55 
0 5 0 24    16 55 
0 5 0 25    17 55 
0 5 0 26    14 55 
0 5 0 27    15 55 
0 5 0 28    20 54 
0 5 0 29    13 55 
0 5 0 30    21 53 
0 5 0 31    19 54 
0 5 0 32    17 54 
0 5 0 33    18 54 
0 5 0 34    15 54 
0 5 0 35    16 54 
0 5 0 36    20 53 
0 5 0 37    14 54 
0 5 0 38    18 53 
0 5 0 39    19 53 
0 5 0 40    21 52 
0 5 0 41    17 53 
0 5 0 42    15 53 
0 5 0 43    16 53 
0 5 0 44    20 52 
0 5 0 45    14 53 
0 5 0 46    18 52 
0 5 0 47    19 52 
0 5 0 48    21 51 
0 5 0 49    17 52 
0 5 0 50    15 52 
0 5 0 51    16 52 
0 5 0 52    20 51 
0 5 0 53    19 51 
0 5 0 54    18 51 
0 5 0 55    17 51 
0 5 0 56    16 51 
0 5 0 57    15 51 
0 5 0 58    21 50 
0 5 0 59    20 50 
0 5 0 60    19 50 
0 5 0 61    18 50 
0 5 0 62    17 50 
0 5 0 63    16 50 
0 5 1 00    24 57 
0 5 1 01    25 57 
0 5 1 02    24 56 
0 5 1 03    25 56 
0 5 1 04    24 58 
0 5 1 05    25 58 
0 5 1 06    23 58 
0 5 1 07    26 58 
0 5 1 08    22 58 
0 5 1 09    26 57 
0 5 1 10    24 55 
0 5 1 11    25 55 
0 5 1 12    21 58 
0 5 1 13    26 56 
0 5 1 14    20 58 
0 5 1 15    26 55 
0 5 1 16    20 57 
0 5 1 17    19 58 
0 5 1 18    21 57 
0 5 1 19    26 54 
0 5 1 20    24 54 
0 5 1 21    25 54 
0 5 1 22    23 57 
0 5 1 23    23 55 
0 5 1 24    23 56 
0 5 1 25    22 57 
0 5 1 26    22 55 
0 5 1 27    22 56 
0 5 1 28    23 54 
0 5 1 29    26 53 
0 5 1 30    24 53 
0 5 1 31    25 53 
0 5 1 32    23 53 
0 5 1 33    22 54 
0 5 1 34    22 52 
0 5 1 35    22 53 
0 5 1 36    23 52 
0 5 1 37    26 52 
0 5 1 38    24 52 
0 5 1 39    25 52 
0 5 1 40    22 51 
0 5 1 41    23 51 
0 5 1 42    22 50 
0 5 1 43    23 50 
0 5 1 44    22 49 
0 5 1 45    21 49 
0 5 1 46    20 49 
0 5 1 47    26 51 
0 5 1 48    24 51 
0 5 1 49    25 51 
0 5 1 50    19 49 
0 5 1 51    18 49 
0 5 1 52    17 49 
0 5 1 53    16 49 
0 5 1 54    23 49 
0 5 1 55    26 50 
0 5 1 56    24 50 
0 5 1 57    25 50 
0 5 1 58    23 48 
0 5 1 59    26 49 
0 5 1 60    24 48 
0 5 1 61    25 48 
0 5 1 62    24 49 
0 5 1 63    25 49 
0 5 2 00    29 56 
0 5 2 01    30 56 
0 5 2 02    29 57 
0 5 2 03    30 57 
0 5 2 04    29 58 
0 5 2 05    30 58 
0 5 2 06    29 55 
0 5 2 07    30 55 
0 5 2 08    28 58 
0 5 2 09    31 58 
0 5 2 10    27 58 
0 5 2 11    31 57 
0 5 2 12    29 54 
0 5 2 13    30 54 
0 5 2 14    28 57 
0 5 2 15    31 56 
0 5 2 16    27 57 
0 5 2 17    31 55 
0 5 2 18    28 56 
0 5 2 19    32 55 
0 5 2 20    27 56 
0 5 2 21    31 54 
0 5 2 22    29 53 
0 5 2 23    30 53 
0 5 2 24    28 55 
0 5 2 25    32 54 
0 5 2 26    27 55 
0 5 2 27    31 53 
0 5 2 28    28 54 
0 5 2 29    32 53 
0 5 2 30    27 54 
0 5 2 31    32 52 
0 5 2 32    29 52 
0 5 2 33    30 52 
0 5 2 34    28 53 
0 5 2 35    31 52 
0 5 2 36    27 53 
0 5 2 37    32 51 
0 5 2 38    28 52 
0 5 2 39    31 51 
0 5 2 40    29 51 
0 5 2 41    30 51 
0 5 2 42    27 52 
0 5 2 43    32 50 
0 5 2 44    28 51 
0 5 2 45    31 50 
0 5 2 46    27 51 
0 5 2 47    32 49 
0 5 2 48    27 50 
0 5 2 49    31 49 
0 5 2 50    29 50 
0 5 2 51    30 50 
0 5 2 52    28 50 
0 5 2 53    27 49 
0 5 2 54    28 49 
0 5 2 55    32 48 
0 5 2 56    26 48 
0 5 2 57    27 48 
0 5 2 58    28 48 
0 5 2 59    31 48 
0 5 2 60    29 48 
0 5 2 61    30 48 
0 5 2 62    29 49 
0 5 2 63    30 49 
0 5 3 00    35 56 
0 5 3 01    36 56 
0 5 3 02    35 55 
0 5 3 03    36 55 
0 5 3 04    35 57 
0 5 3 05    36 57 
0 5 3 06    35 58 
0 5 3 07    36 58 
0 5 3 08    34 58 
0 5 3 09    37 58 
0 5 3 10    35 54 
0 5 3 11    36 54 
0 5 3 12    33 58 
0 5 3 13    37 57 
0 5 3 14    32 58 
0 5 3 15    37 56 
0 5 3 16    33 57 
0 5 3 17    34 57 
0 5 3 18    34 56 
0 5 3 19    32 57 
0 5 3 20    35 53 
0 5 3 21    36 53 
0 5 3 22    33 56 
0 5 3 23    37 55 
0 5 3 24    32 56 
0 5 3 25    37 54 
0 5 3 26    34 55 
0 5 3 27    37 53 
0 5 3 28    33 55 
0 5 3 29    38 53 
0 5 3 30    35 52 
0 5 3 31    36 52 
0 5 3 32    34 54 
0 5 3 33    37 52 
0 5 3 34    33 54 
0 5 3 35    38 52 
0 5 3 36    34 53 
0 5 3 37    38 51 
0 5 3 38    33 53 
0 5 3 39    37 51 
0 5 3 40    35 51 
0 5 3 41    36 51 
0 5 3 42    33 52 
0 5 3 43    34 52 
0 5 3 44    33 51 
0 5 3 45    34 51 
0 5 3 46    33 50 
0 5 3 47    38 50 
0 5 3 48    34 50 
0 5 3 49    37 50 
0 5 3 50    35 50 
0 5 3 51    36 50 
0 5 3 52    33 49 
0 5 3 53    38 49 
0 5 3 54    34 49 
0 5 3 55    37 49 
0 5 3 56    33 48 
0 5 3 57    38 48 
0 5 3 58    35 49 
0 5 3 59    36 49 
0 5 3 60    34 48 
0 5 3 61    37 48 
0 5 3 62    35 48 
0 5 3 63    36 48 
0 6 0 00    40 59 
0 6 0 01    41 59 
0 6 0 02    39 59 
0 6 0 03    42 59 
0 6 0 04    40 58 
0 6 0 05    38 59 
0 6 0 06    39 58 
0 6 0 07    41 58 
0 6 0 08    38 58 
0 6 0 09    42 58 
0 6 0 10    40 57 
0 6 0 11    41 57 
0 6 0 12    39 57 
0 6 0 13    42 57 
0 6 0 14    38 57 
0 6 0 20    40 56 
0 6 0 21    41 56 
0 6 0 22    39 56 
0 6 0 23    42 56 
0 6 0 24    38 56 
0 6 0 28    40 55 
0 6 0 29    41 55 
0 6 0 30    39 55 
0 6 0 32    38 55 
0 6 0 33    42 55 
0 6 0 36    38 54 
0 6 0 38    39 54 
0 6 0 39    42 54 
0 6 0 40    40 54 
0 6 0 41    41 54 
0 6 0 44    39 53 
0 6 0 45    42 53 
0 6 0 46    40 53 
0 6 0 47    41 53 
0 6 0 48    39 49 
0 6 0 49    42 49 
0 6 0 50    39 50 
0 6 0 51    42 50 
0 6 0 52    39 51 
0 6 0 53    42 51 
0 6 0 54    39 52 
0 6 0 55    42 52 
0 6 0 56    40 52 
0 6 0 57    41 52 
0 6 0 58    40 49 
0 6 0 59    41 49 
0 6 0 60    40 50 
0 6 0 61    41 50 
0 6 0 62    40 51 
0 6 0 63    41 51 
0 6 1 00    43 59 
0 6 1 01    44 59 
0 6 1 02    43 58 
0 6 1 03    44 58 
0 6 1 04    43 60 
0 6 1 05    44 60 
0 6 1 06    43 61 
0 6 1 07    44 61 
0 6 1 08    43 62 
0 6 1 09    44 62 
0 6 1 10    45 63 
0 6 1 11    46 63 
0 6 1 12    43 57 
0 6 1 13    44 57 
0 6 1 14    47 64 
0 6 1 15    47 63 
0 6 1 16    45 62 
0 6 1 17    46 62 
0 6 1 18    47 62 
0 6 1 19    45 59 
0 6 1 20    43 56 
0 6 1 21    44 56 
0 6 1 22    45 60 
0 6 1 23    45 61 
0 6 1 24    45 57 
0 6 1 25    45 58 
0 6 1 26    45 56 
0 6 1 27    46 61 
0 6 1 28    47 61 
0 6 1 29    46 60 
0 6 1 30    43 55 
0 6 1 31    44 55 
0 6 1 32    47 60 
0 6 1 33    46 59 
0 6 1 34    47 59 
0 6 1 35    46 58 
0 6 1 36    47 58 
0 6 1 37    46 57 
0 6 1 38    47 57 
0 6 1 39    46 56 
0 6 1 40    43 54 
0 6 1 41    44 54 
0 6 1 42    47 56 
0 6 1 43    45 55 
0 6 1 44    46 55 
0 6 1 45    47 55 
0 6 1 46    45 54 
0 6 1 47    46 54 
0 6 1 48    47 54 
0 6 1 49    45 53 
0 6 1 50    43 53 
0 6 1 51    44 53 
0 6 1 52    46 53 
0 6 1 53    47 53 
0 6 1 54    47 52 
0 6 1 55    46 52 
0 6 1 56    45 52 
0 6 1 57    47 51 
0 6 1 58    43 52 
0 6 1 59    44 52 
0 6 1 60    45 51 
0 6 1 61    46 51 
0 6 1 62    43 51 
0 6 1 63    44 51 
0 7 0 00    16 68 
0 7 0 01    17 68 
0 7 0 02    09 67 
0 7 0 03    08 67 
0 7 0 04    11 67 
0 7 0 05    10 67 
0 7 0 06    16 67 
0 7 0 07    17 67 
0 7 0 08    13 67 
0 7 0 09    15 67 
0 7 0 10    12 67 
0 7 0 11    14 67 
0 7 0 12    16 66 
0 7 0 13    17 66 
0 7 0 14    10 66 
0 7 0 15    09 66 
0 7 0 16    12 66 
0 7 0 17    11 66 
0 7 0 18    14 66 
0 7 0 19    15 66 
0 7 0 20    09 65 
0 7 0 21    13 66 
0 7 0 22    16 65 
0 7 0 23    17 65 
0 7 0 24    11 65 
0 7 0 25    10 65 
0 7 0 26    14 65 
0 7 0 27    15 65 
0 7 0 28    12 65 
0 7 0 29    13 65 
0 7 0 30    16 64 
0 7 0 31    17 64 
0 7 0 32    11 64 
0 7 0 33    10 64 
0 7 0 34    14 64 
0 7 0 35    15 64 
0 7 0 36    12 64 
0 7 0 37    13 64 
0 7 0 38    16 63 
0 7 0 39    17 63 
0 7 0 40    11 63 
0 7 0 41    10 63 
0 7 0 42    13 63 
0 7 0 43    12 63 
0 7 0 44    14 63 
0 7 0 45    15 63 
0 7 0 46    11 62 
0 7 0 47    10 62 
0 7 0 48    16 62 
0 7 0 49    17 62 
0 7 0 50    14 62 
0 7 0 51    15 62 
0 7 0 52    12 62 
0 7 0 53    13 62 
0 7 0 54    12 61 
0 7 0 55    11 61 
0 7 0 56    16 61 
0 7 0 57    17 61 
0 7 0 58    14 61 
0 7 0 59    15 61 
0 7 0 60    11 60 
0 7 0 61    13 61 
0 7 0 62    13 60 
0 7 0 63    12 60 
0 7 1 00    20 68 
0 7 1 01    21 68 
0 7 1 02    20 67 
0 7 1 03    21 67 
0 7 1 04    19 68 
0 7 1 05    22 68 
0 7 1 06    18 68 
0 7 1 07    22 67 
0 7 1 08    19 67 
0 7 1 09    22 66 
0 7 1 10    20 66 
0 7 1 11    21 66 
0 7 1 12    18 67 
0 7 1 13    19 66 
0 7 1 14    18 66 
0 7 1 15    18 65 
0 7 1 16    19 65 
0 7 1 17    18 64 
0 7 1 18    20 65 
0 7 1 19    21 65 
0 7 1 20    19 64 
0 7 1 21    22 65 
0 7 1 22    18 63 
0 7 1 23    19 63 
0 7 1 24    14 60 
0 7 1 25    15 60 
0 7 1 26    16 60 
0 7 1 27    22 64 
0 7 1 28    20 64 
0 7 1 29    21 64 
0 7 1 30    17 60 
0 7 1 31    18 60 
0 7 1 32    12 59 
0 7 1 33    13 59 
0 7 1 34    18 62 
0 7 1 35    19 62 
0 7 1 36    20 63 
0 7 1 37    21 63 
0 7 1 38    18 61 
0 7 1 39    22 63 
0 7 1 40    19 61 
0 7 1 41    14 59 
0 7 1 42    15 59 
0 7 1 43    16 59 
0 7 1 44    20 62 
0 7 1 45    21 62 
0 7 1 46    17 59 
0 7 1 47    22 62 
0 7 1 48    18 59 
0 7 1 49    19 60 
0 7 1 50    12 58 
0 7 1 51    13 58 
0 7 1 52    14 58 
0 7 1 53    22 61 
0 7 1 54    20 61 
0 7 1 55    21 61 
0 7 1 56    15 58 
0 7 1 57    22 59 
0 7 1 58    19 59 
0 7 1 59    21 59 
0 7 1 60    20 59 
0 7 1 61    22 60 
0 7 1 62    20 60 
0 7 1 63    21 60 
0 7 2 00    25 68 
0 7 2 01    26 68 
0 7 2 02    25 69 
0 7 2 03    26 69 
0 7 2 04    25 70 
0 7 2 05    26 70 
0 7 2 06    24 70 
0 7 2 07    27 70 
0 7 2 08    25 67 
0 7 2 09    26 67 
0 7 2 10    23 70 
0 7 2 11    27 69 
0 7 2 12    24 69 
0 7 2 13    27 68 
0 7 2 14    23 69 
0 7 2 15    27 67 
0 7 2 16    25 66 
0 7 2 17    26 66 
0 7 2 18    23 68 
0 7 2 19    27 66 
0 7 2 20    24 67 
0 7 2 21    24 68 
0 7 2 22    24 66 
0 7 2 23    23 67 
0 7 2 24    25 65 
0 7 2 25    26 65 
0 7 2 26    23 66 
0 7 2 27    27 65 
0 7 2 28    24 65 
0 7 2 29    23 65 
0 7 2 30    23 64 
0 7 2 31    24 64 
0 7 2 32    23 63 
0 7 2 33    24 63 
0 7 2 34    25 64 
0 7 2 35    26 64 
0 7 2 36    23 62 
0 7 2 37    27 64 
0 7 2 38    23 61 
0 7 2 39    23 60 
0 7 2 40    24 61 
0 7 2 41    28 60 
0 7 2 42    25 63 
0 7 2 43    26 63 
0 7 2 44    23 59 
0 7 2 45    27 63 
0 7 2 46    24 60 
0 7 2 47    28 59 
0 7 2 48    24 59 
0 7 2 49    27 60 
0 7 2 51    27 62 
0 7 2 52    25 62 
0 7 2 53    26 62 
0 7 2 55    27 59 
0 7 2 56    24 62 
0 7 2 57    26 59 
0 7 2 58    25 59 
0 7 2 59    27 61 
0 7 2 60    25 61 
0 7 2 61    26 61 
0 7 2 62    25 60 
0 7 2 63    26 60 
0 7 3 00    30 68 
0 7 3 01    31 68 
0 7 3 02    30 69 
0 7 3 03    31 69 
0 7 3 04    30 67 
0 7 3 05    31 67 
0 7 3 06    30 70 
0 7 3 07    31 70 
0 7 3 08    30 71 
0 7 3 09    31 71 
0 7 3 10    32 71 
0 7 3 11    32 70 
0 7 3 12    32 69 
0 7 3 13    32 68 
0 7 3 14    30 66 
0 7 3 15    31 66 
0 7 3 16    32 67 
0 7 3 17    32 66 
0 7 3 18    28 71 
0 7 3 19    29 71 
0 7 3 20    28 70 
0 7 3 21    29 70 
0 7 3 22    30 65 
0 7 3 23    31 65 
0 7 3 24    29 69 
0 7 3 25    32 65 
0 7 3 26    29 68 
0 7 3 27    28 69 
0 7 3 28    29 67 
0 7 3 29    28 68 
0 7 3 30    30 64 
0 7 3 31    31 64 
0 7 3 32    28 67 
0 7 3 33    32 64 
0 7 3 34    28 66 
0 7 3 35    29 66 
0 7 3 36    28 65 
0 7 3 37    29 65 
0 7 3 38    28 64 
0 7 3 39    29 64 
0 7 3 40    30 63 
0 7 3 41    31 63 
0 7 3 42    29 63 
0 7 3 43    32 63 
0 7 3 44    28 63 
0 7 3 45    28 62 
0 7 3 46    29 62 
0 7 3 47    32 62 
0 7 3 48    30 62 
0 7 3 49    31 62 
0 7 3 50    28 61 
0 7 3 51    32 61 
0 7 3 52    29 61 
0 7 3 53    33 59 
0 7 3 54    29 60 
0 7 3 55    32 60 
0 7 3 56    29 59 
0 7 3 57    32 59 
0 7 3 58    30 61 
0 7 3 59    31 61 
0 7 3 60    30 59 
0 7 3 61    31 59 
0 7 3 62    30 60 
0 7 3 63    31 60 
0 7 4 00    35 68 
0 7 4 01    36 68 
0 7 4 02    35 69 
0 7 4 03    36 69 
0 7 4 04    35 67 
0 7 4 05    36 67 
0 7 4 06    35 70 
0 7 4 07    36 70 
0 7 4 08    35 71 
0 7 4 09    36 71 
0 7 4 10    34 71 
0 7 4 11    37 71 
0 7 4 12    35 66 
0 7 4 13    36 66 
0 7 4 14    33 71 
0 7 4 15    37 70 
0 7 4 16    34 70 
0 7 4 17    37 69 
0 7 4 18    33 70 
0 7 4 19    37 68 
0 7 4 20    35 65 
0 7 4 21    36 65 
0 7 4 22    34 69 
0 7 4 23    37 67 
0 7 4 24    33 69 
0 7 4 25    37 66 
0 7 4 26    34 68 
0 7 4 27    37 65 
0 7 4 28    33 68 
0 7 4 29    37 64 
0 7 4 30    35 64 
0 7 4 31    36 64 
0 7 4 32    33 67 
0 7 4 33    34 67 
0 7 4 34    33 66 
0 7 4 35    34 66 
0 7 4 36    33 65 
0 7 4 37    34 65 
0 7 4 38    35 63 
0 7 4 39    36 63 
0 7 4 40    34 64 
0 7 4 41    37 63 
0 7 4 42    34 63 
0 7 4 43    33 64 
0 7 4 44    33 62 
0 7 4 45    33 63 
0 7 4 46    33 61 
0 7 4 47    34 62 
0 7 4 48    35 62 
0 7 4 49    36 62 
0 7 4 50    34 61 
0 7 4 51    37 62 
0 7 4 52    33 60 
0 7 4 53    37 61 
0 7 4 54    34 60 
0 7 4 55    37 60 
0 7 4 56    35 61 
0 7 4 57    36 61 
0 7 4 58    34 59 
0 7 4 59    37 59 
0 7 4 60    35 59 
0 7 4 61    36 59 
0 7 4 62    35 60 
0 7 4 63    36 60 
1 0 0 00    40 70 
1 0 0 01    41 70 
1 0 0 02    40 71 
1 0 0 03    41 71 
1 0 0 04    40 72 
1 0 0 05    41 72 
1 0 0 06    40 69 
1 0 0 07    41 69 
1 0 0 08    39 72 
1 0 0 09    42 72 
1 0 0 10    39 71 
1 0 0 11    42 71 
1 0 0 12    39 70 
1 0 0 13    42 70 
1 0 0 14    38 71 
1 0 0 15    42 69 
1 0 0 16    40 68 
1 0 0 17    41 68 
1 0 0 18    38 70 
1 0 0 19    42 68 
1 0 0 20    39 69 
1 0 0 21    42 67 
1 0 0 22    39 68 
1 0 0 23    38 69 
1 0 0 24    40 67 
1 0 0 25    41 67 
1 0 0 26    39 67 
1 0 0 27    38 68 
1 0 0 28    38 67 
1 0 0 29    38 66 
1 0 0 30    39 66 
1 0 0 31    42 66 
1 0 0 32    40 66 
1 0 0 33    41 66 
1 0 0 34    38 65 
1 0 0 35    38 64 
1 0 0 36    38 63 
1 0 0 37    39 64 
1 0 0 38    39 65 
1 0 0 39    42 65 
1 0 0 40    40 65 
1 0 0 41    41 65 
1 0 0 42    38 62 
1 0 0 43    39 63 
1 0 0 44    39 62 
1 0 0 45    42 64 
1 0 0 46    38 61 
1 0 0 47    42 63 
1 0 0 48    38 60 
1 0 0 49    42 62 
1 0 0 50    40 64 
1 0 0 51    41 64 
1 0 0 52    39 61 
1 0 0 53    42 61 
1 0 0 54    39 60 
1 0 0 55    42 60 
1 0 0 56    40 60 
1 0 0 57    41 60 
1 0 0 58    40 63 
1 0 0 59    41 63 
1 0 0 60    40 61 
1 0 0 61    41 61 
1 0 0 62    40 62 
1 0 0 63    41 62 
1 0 1 00    43 70 
1 0 1 01    44 70 
1 0 1 02    43 71 
1 0 1 03    44 74 
1 0 1 04    43 69 
1 0 1 05    44 69 
1 0 1 06    43 72 
1 0 1 07    45 75 
1 0 1 08    43 73 
1 0 1 09    45 76 
1 0 1 10    43 74 
1 0 1 11    46 77 
1 0 1 12    46 76 
1 0 1 13    47 77 
1 0 1 14    43 68 
1 0 1 15    44 68 
1 0 1 16    44 73 
1 0 1 17    44 72 
1 0 1 18    44 71 
1 0 1 19    47 76 
1 0 1 20    46 75 
1 0 1 21    47 75 
1 0 1 22    43 67 
1 0 1 23    44 67 
1 0 1 24    45 74 
1 0 1 25    46 74 
1 0 1 26    47 74 
1 0 1 27    45 69 
1 0 1 28    45 68 
1 0 1 29    45 70 
1 0 1 30    45 71 
1 0 1 31    45 72 
1 0 1 32    43 66 
1 0 1 33    44 66 
1 0 1 34    45 73 
1 0 1 35    46 73 
1 0 1 36    47 73 
1 0 1 37    45 67 
1 0 1 38    46 72 
1 0 1 39    47 72 
1 0 1 40    43 65 
1 0 1 41    44 65 
1 0 1 42    46 71 
1 0 1 43    47 71 
1 0 1 44    46 70 
1 0 1 45    46 68 
1 0 1 46    45 66 
1 0 1 47    46 67 
1 0 1 48    46 69 
1 0 1 49    47 70 
1 0 1 50    43 64 
1 0 1 51    44 64 
1 0 1 52    47 69 
1 0 1 53    47 68 
1 0 1 54    45 65 
1 0 1 55    46 66 
1 0 1 56    47 67 
1 0 1 57    47 66 
1 0 1 58    43 63 
1 0 1 59    44 63 
1 0 1 60    46 65 
1 0 1 61    47 65 
1 0 1 62    45 64 
1 0 1 63    46 64 
1 1 0 00    06 78 
1 1 0 01    06 79 
1 1 0 02    05 79 
1 1 0 03    06 77 
1 1 0 04    13 76 
1 1 0 05    05 78 
1 1 0 06    04 78 
1 1 0 07    05 77 
1 1 0 08    11 76 
1 1 0 09    12 76 
1 1 0 10    13 75 
1 1 0 11    10 76 
1 1 0 12    08 76 
1 1 0 13    09 76 
1 1 0 14    07 76 
1 1 0 15    12 75 
1 1 0 16    05 76 
1 1 0 17    06 76 
1 1 0 18    06 75 
1 1 0 19    05 75 
1 1 0 20    11 75 
1 1 0 21    07 75 
1 1 0 22    12 74 
1 1 0 23    13 74 
1 1 0 24    10 75 
1 1 0 25    11 74 
1 1 0 26    08 75 
1 1 0 27    09 75 
1 1 0 28    12 73 
1 1 0 29    13 73 
1 1 0 30    07 74 
1 1 0 31    06 74 
1 1 0 32    09 74 
1 1 0 33    08 74 
1 1 0 34    11 73 
1 1 0 35    10 74 
1 1 0 36    09 73 
1 1 0 37    10 73 
1 1 0 38    12 72 
1 1 0 39    13 72 
1 1 0 40    10 72 
1 1 0 41    11 72 
1 1 0 42    08 73 
1 1 0 43    09 72 
1 1 0 44    07 73 
1 1 0 45    08 72 
1 1 0 46    07 72 
1 1 0 47    13 71 
1 1 0 48    06 73 
1 1 0 49    12 71 
1 1 0 50    11 71 
1 1 0 51    06 72 
1 1 0 52    09 71 
1 1 0 53    10 71 
1 1 0 54    13 70 
1 1 0 55    08 71 
1 1 0 56    12 70 
1 1 0 57    07 71 
1 1 0 58    10 70 
1 1 0 59    11 70 
1 1 0 60    08 70 
1 1 0 61    09 70 
1 1 0 62    13 69 
1 1 0 63    07 70 
1 1 1 00    15 78 
1 1 1 01    16 78 
1 1 1 02    09 80 
1 1 1 03    12 79 
1 1 1 04    08 80 
1 1 1 05    09 79 
1 1 1 06    08 79 
1 1 1 07    15 77 
1 1 1 08    14 78 
1 1 1 09    10 78 
1 1 1 10    15 76 
1 1 1 11    12 78 
1 1 1 12    11 78 
1 1 1 13    13 78 
1 1 1 14    07 79 
1 1 1 15    07 80 
1 1 1 16    08 78 
1 1 1 17    07 78 
1 1 1 18    14 76 
1 1 1 19    14 77 
1 1 1 20    14 75 
1 1 1 21    15 75 
1 1 1 22    07 77 
1 1 1 23    09 78 
1 1 1 24    08 77 
1 1 1 25    13 77 
1 1 1 26    11 77 
1 1 1 27    12 77 
1 1 1 28    10 77 
1 1 1 29    09 77 
1 1 1 30    14 74 
1 1 1 31    15 74 
1 1 1 32    14 73 
1 1 1 33    16 74 
1 1 1 34    15 73 
1 1 1 35    16 73 
1 1 1 36    14 72 
1 1 1 37    14 71 
1 1 1 38    14 70 
1 1 1 39    14 69 
1 1 1 40    16 76 
1 1 1 41    16 75 
1 1 1 42    15 72 
1 1 1 43    16 72 
1 1 1 44    12 69 
1 1 1 45    16 77 
1 1 1 46    11 69 
1 1 1 47    10 69 
1 1 1 48    09 69 
1 1 1 49    08 69 
1 1 1 50    15 71 
1 1 1 51    16 71 
1 1 1 52    08 68 
1 1 1 53    09 68 
1 1 1 54    10 68 
1 1 1 55    14 68 
1 1 1 56    13 68 
1 1 1 57    12 68 
1 1 1 58    11 68 
1 1 1 59    15 68 
1 1 1 60    15 70 
1 1 1 61    16 70 
1 1 1 62    15 69 
1 1 1 63    16 69 
1 1 2 00    18 79 
1 1 2 01    19 79 
1 1 2 02    18 78 
1 1 2 03    19 78 
1 1 2 04    18 80 
1 1 2 05    17 82 
1 1 2 06    17 83 
1 1 2 07    18 84 
1 1 2 08    17 81 
1 1 2 09    18 83 
1 1 2 10    18 77 
1 1 2 11    19 77 
1 1 2 12    16 83 
1 1 2 13    18 82 
1 1 2 14    16 81 
1 1 2 15    16 82 
1 1 2 16    17 80 
1 1 2 17    17 79 
1 1 2 18    18 76 
1 1 2 19    19 76 
1 1 2 20    15 82 
1 1 2 21    15 83 
1 1 2 22    15 81 
1 1 2 23    16 80 
1 1 2 24    13 82 
1 1 2 25    14 82 
1 1 2 26    18 75 
1 1 2 27    19 75 
1 1 2 28    17 77 
1 1 2 29    17 78 
1 1 2 30    17 76 
1 1 2 31    14 81 
1 1 2 32    17 75 
1 1 2 33    13 81 
1 1 2 34    18 74 
1 1 2 35    19 74 
1 1 2 36    17 74 
1 1 2 37    16 79 
1 1 2 38    15 80 
1 1 2 39    12 81 
1 1 2 40    14 80 
1 1 2 41    12 80 
1 1 2 42    18 73 
1 1 2 43    19 73 
1 1 2 44    13 80 
1 1 2 45    17 73 
1 1 2 46    11 80 
1 1 2 47    11 81 
1 1 2 48    10 80 
1 1 2 49    10 81 
1 1 2 50    18 72 
1 1 2 51    19 72 
1 1 2 52    11 79 
1 1 2 53    10 79 
1 1 2 54    13 79 
1 1 2 55    14 79 
1 1 2 56    17 72 
1 1 2 57    15 79 
1 1 2 58    18 71 
1 1 2 59    19 71 
1 1 2 60    17 71 
1 1 2 61    17 70 
1 1 2 62    18 70 
1 1 2 63    19 70 
1 1 3 00    21 78 
1 1 3 01    22 78 
1 1 3 02    21 82 
1 1 3 03    21 81 
1 1 3 04    21 84 
1 1 3 05    21 83 
1 1 3 06    20 80 
1 1 3 07    21 85 
1 1 3 08    21 77 
1 1 3 09    22 77 
1 1 3 10    20 79 
1 1 3 11    21 79 
1 1 3 12    20 81 
1 1 3 13    21 80 
1 1 3 14    20 82 
1 1 3 15    22 85 
1 1 3 16    21 76 
1 1 3 17    22 76 
1 1 3 18    20 83 
1 1 3 19    22 84 
1 1 3 20    20 84 
1 1 3 21    22 83 
1 1 3 22    20 78 
1 1 3 23    22 79 
1 1 3 24    21 75 
1 1 3 25    22 75 
1 1 3 26    20 85 
1 1 3 27    22 82 
1 1 3 28    20 76 
1 1 3 29    22 81 
1 1 3 30    20 75 
1 1 3 31    22 80 
1 1 3 32    21 74 
1 1 3 33    22 74 
1 1 3 34    19 84 
1 1 3 35    20 77 
1 1 3 36    19 82 
1 1 3 37    19 83 
1 1 3 38    19 80 
1 1 3 39    19 81 
1 1 3 40    21 73 
1 1 3 41    22 73 
1 1 3 42    18 81 
1 1 3 46    20 74 
1 1 3 48    21 72 
1 1 3 49    22 72 
1 1 3 50    20 73 
1 1 3 51    20 72 
1 1 3 52    20 71 
1 1 3 53    17 69 
1 1 3 54    18 69 
1 1 3 55    20 70 
1 1 3 56    21 71 
1 1 3 57    22 71 
1 1 3 58    19 69 
1 1 3 59    20 69 
1 1 3 60    21 69 
1 1 3 61    22 69 
1 1 3 62    21 70 
1 1 3 63    22 70 
1 1 4 00    24 81 
1 1 4 01    25 81 
1 1 4 02    24 82 
1 1 4 03    25 82 
1 1 4 04    24 83 
1 1 4 05    25 83 
1 1 4 06    24 80 
1 1 4 07    25 80 
1 1 4 08    24 84 
1 1 4 09    25 84 
1 1 4 10    24 85 
1 1 4 11    25 85 
1 1 4 12    24 86 
1 1 4 13    25 86 
1 1 4 14    24 79 
1 1 4 15    25 79 
1 1 4 16    23 86 
1 1 4 17    26 86 
1 1 4 18    23 85 
1 1 4 19    26 85 
1 1 4 20    23 84 
1 1 4 21    26 84 
1 1 4 22    24 78 
1 1 4 23    25 78 
1 1 4 24    23 83 
1 1 4 25    26 83 
1 1 4 26    23 82 
1 1 4 27    26 82 
1 1 4 28    23 81 
1 1 4 29    26 81 
1 1 4 30    24 77 
1 1 4 31    25 77 
1 1 4 32    23 80 
1 1 4 33    26 80 
1 1 4 34    23 79 
1 1 4 35    26 79 
1 1 4 36    23 78 
1 1 4 37    26 78 
1 1 4 38    24 76 
1 1 4 39    25 76 
1 1 4 40    23 77 
1 1 4 41    26 77 
1 1 4 42    23 76 
1 1 4 43    26 76 
1 1 4 44    23 75 
1 1 4 45    26 75 
1 1 4 46    24 75 
1 1 4 47    25 75 
1 1 4 48    23 74 
1 1 4 49    26 74 
1 1 4 50    23 73 
1 1 4 51    26 73 
1 1 4 52    23 72 
1 1 4 53    26 72 
1 1 4 54    24 74 
1 1 4 55    25 74 
1 1 4 56    23 71 
1 1 4 57    26 71 
1 1 4 58    24 71 
1 1 4 59    25 71 
1 1 4 60    24 72 
1 1 4 61    25 72 
1 1 4 62    24 73 
1 1 4 63    25 73 
1 2 0 00    28 81 
1 2 0 01    29 81 
1 2 0 02    28 82 
1 2 0 03    29 82 
1 2 0 04    28 80 
1 2 0 05    29 80 
1 2 0 06    28 83 
1 2 0 07    29 83 
1 2 0 08    28 84 
1 2 0 09    29 84 
1 2 0 10    28 79 
1 2 0 11    29 79 
1 2 0 12    28 85 
1 2 0 13    29 85 
1 2 0 14    28 86 
1 2 0 15    29 86 
1 2 0 16    28 87 
1 2 0 17    29 87 
1 2 0 18    28 78 
1 2 0 19    29 78 
1 2 0 20    27 86 
1 2 0 21    30 87 
1 2 0 22    27 85 
1 2 0 23    30 86 
1 2 0 24    27 84 
1 2 0 25    30 85 
1 2 0 26    28 77 
1 2 0 27    29 77 
1 2 0 28    27 83 
1 2 0 29    30 84 
1 2 0 30    27 82 
1 2 0 31    30 83 
1 2 0 32    27 81 
1 2 0 33    30 82 
1 2 0 34    28 76 
1 2 0 35    29 76 
1 2 0 36    27 80 
1 2 0 37    30 81 
1 2 0 38    27 79 
1 2 0 39    30 80 
1 2 0 40    27 78 
1 2 0 41    30 79 
1 2 0 42    28 75 
1 2 0 43    29 75 
1 2 0 44    27 77 
1 2 0 45    30 78 
1 2 0 46    27 76 
1 2 0 47    30 77 
1 2 0 48    27 75 
1 2 0 49    30 76 
1 2 0 50    28 74 
1 2 0 51    29 74 
1 2 0 52    27 74 
1 2 0 53    30 75 
1 2 0 54    27 73 
1 2 0 55    30 74 
1 2 0 56    27 72 
1 2 0 57    30 73 
1 2 0 58    28 73 
1 2 0 59    29 73 
1 2 0 60    27 71 
1 2 0 61    30 72 
1 2 0 62    28 72 
1 2 0 63    29 72 
1 2 1 00    32 81 
1 2 1 01    33 81 
1 2 1 02    32 80 
1 2 1 03    33 80 
1 2 1 04    32 82 
1 2 1 05    33 82 
1 2 1 06    32 83 
1 2 1 07    33 83 
1 2 1 08    32 84 
1 2 1 09    33 84 
1 2 1 10    32 79 
1 2 1 11    33 79 
1 2 1 12    32 85 
1 2 1 13    33 85 
1 2 1 14    32 86 
1 2 1 15    33 86 
1 2 1 16    32 87 
1 2 1 17    33 87 
1 2 1 18    32 78 
1 2 1 19    33 78 
1 2 1 20    31 87 
1 2 1 21    34 87 
1 2 1 22    31 86 
1 2 1 23    34 86 
1 2 1 24    31 85 
1 2 1 25    34 85 
1 2 1 26    32 77 
1 2 1 27    33 77 
1 2 1 28    31 84 
1 2 1 29    34 84 
1 2 1 30    31 83 
1 2 1 31    34 83 
1 2 1 32    31 82 
1 2 1 33    34 82 
1 2 1 34    32 76 
1 2 1 35    33 76 
1 2 1 36    31 81 
1 2 1 37    34 81 
1 2 1 38    31 80 
1 2 1 39    34 80 
1 2 1 40    31 79 
1 2 1 41    34 79 
1 2 1 42    32 75 
1 2 1 43    33 75 
1 2 1 44    31 78 
1 2 1 45    34 78 
1 2 1 46    31 77 
1 2 1 47    34 77 
1 2 1 48    31 76 
1 2 1 49    34 76 
1 2 1 50    32 74 
1 2 1 51    33 74 
1 2 1 52    31 75 
1 2 1 53    34 75 
1 2 1 54    31 74 
1 2 1 55    34 74 
1 2 1 56    31 73 
1 2 1 57    34 73 
1 2 1 58    32 73 
1 2 1 59    33 73 
1 2 1 60    31 72 
1 2 1 61    34 72 
1 2 1 62    32 72 
1 2 1 63    33 72 
1 2 2 00    36 80 
1 2 2 01    37 80 
1 2 2 02    36 81 
1 2 2 03    37 81 
1 2 2 04    36 82 
1 2 2 05    37 82 
1 2 2 06    36 79 
1 2 2 07    37 79 
1 2 2 08    36 83 
1 2 2 09    37 83 
1 2 2 10    36 84 
1 2 2 11    37 84 
1 2 2 12    36 85 
1 2 2 13    37 85 
1 2 2 14    36 78 
1 2 2 15    37 78 
1 2 2 16    36 86 
1 2 2 17    37 86 
1 2 2 18    36 87 
1 2 2 19    37 87 
1 2 2 20    35 87 
1 2 2 21    38 87 
1 2 2 22    36 77 
1 2 2 23    37 77 
1 2 2 24    35 86 
1 2 2 25    38 86 
1 2 2 26    35 85 
1 2 2 27    38 85 
1 2 2 28    35 84 
1 2 2 29    38 84 
1 2 2 30    36 76 
1 2 2 31    37 76 
1 2 2 32    35 83 
1 2 2 33    38 83 
1 2 2 34    35 82 
1 2 2 35    38 82 
1 2 2 36    35 81 
1 2 2 37    38 81 
1 2 2 38    36 75 
1 2 2 39    37 75 
1 2 2 40    35 80 
1 2 2 41    38 80 
1 2 2 42    35 79 
1 2 2 43    38 79 
1 2 2 44    35 78 
1 2 2 45    38 78 
1 2 2 46    35 77 
1 2 2 47    38 77 
1 2 2 48    36 74 
1 2 2 49    37 74 
1 2 2 50    35 76 
1 2 2 51    38 76 
1 2 2 52    35 75 
1 2 2 53    38 75 
1 2 2 54    35 74 
1 2 2 55    38 74 
1 2 2 56    36 73 
1 2 2 57    37 73 
1 2 2 58    35 73 
1 2 2 59    38 73 
1 2 2 60    35 72 
1 2 2 61    38 72 
1 2 2 62    36 72 
1 2 2 63    37 72 
1 2 3 00    40 83 
1 2 3 01    41 83 
1 2 3 02    40 82 
1 2 3 03    41 82 
1 2 3 04    40 84 
1 2 3 05    41 84 
1 2 3 06    40 85 
1 2 3 07    41 85 
1 2 3 08    40 81 
1 2 3 09    41 81 
1 2 3 10    40 86 
1 2 3 11    41 86 
1 2 3 12    40 87 
1 2 3 13    41 87 
1 2 3 14    40 88 
1 2 3 15    41 88 
1 2 3 16    40 80 
1 2 3 17    41 80 
1 2 3 18    39 88 
1 2 3 19    42 88 
1 2 3 20    39 87 
1 2 3 21    42 87 
1 2 3 22    39 86 
1 2 3 23    42 86 
1 2 3 24    40 79 
1 2 3 25    41 79 
1 2 3 26    39 85 
1 2 3 27    42 85 
1 2 3 28    39 84 
1 2 3 29    42 84 
1 2 3 30    39 83 
1 2 3 31    42 83 
1 2 3 32    40 78 
1 2 3 33    41 78 
1 2 3 34    39 82 
1 2 3 35    42 82 
1 2 3 36    39 81 
1 2 3 37    42 81 
1 2 3 38    39 80 
1 2 3 39    42 80 
1 2 3 40    39 79 
1 2 3 41    42 79 
1 2 3 42    40 77 
1 2 3 43    41 77 
1 2 3 44    39 78 
1 2 3 45    42 78 
1 2 3 46    39 77 
1 2 3 47    42 77 
1 2 3 48    39 76 
1 2 3 49    42 76 
1 2 3 50    40 76 
1 2 3 51    41 76 
1 2 3 52    39 75 
1 2 3 53    42 75 
1 2 3 54    39 74 
1 2 3 55    42 74 
1 2 3 56    39 73 
1 2 3 57    42 73 
1 2 3 58    40 75 
1 2 3 59    41 75 
1 2 3 60    40 73 
1 2 3 61    41 73 
1 2 3 62    40 74 
1 2 3 63    41 74 
1 2 4 00    43 82 
1 2 4 01    44 82 
1 2 4 02    43 83 
1 2 4 03    44 83 
1 2 4 04    44 84 
1 2 4 05    44 85 
1 2 4 06    43 84 
1 2 4 07    44 86 
1 2 4 08    43 81 
1 2 4 09    44 81 
1 2 4 10    43 85 
1 2 4 11    44 87 
1 2 4 12    44 88 
1 2 4 13    45 88 
1 2 4 14    43 86 
1 2 4 15    45 87 
1 2 4 16    43 80 
1 2 4 17    44 80 
1 2 4 18    43 87 
1 2 4 19    45 86 
1 2 4 20    43 88 
1 2 4 21    46 89 
1 2 4 22    47 89 
1 2 4 23    46 88 
1 2 4 24    43 79 
1 2 4 25    44 79 
1 2 4 26    47 88 
1 2 4 27    46 87 
1 2 4 28    47 87 
1 2 4 29    45 80 
1 2 4 30    45 81 
1 2 4 31    45 82 
1 2 4 32    43 78 
1 2 4 33    44 78 
1 2 4 34    45 83 
1 2 4 35    45 84 
1 2 4 36    45 85 
1 2 4 37    46 86 
1 2 4 38    47 86 
1 2 4 39    45 79 
1 2 4 40    43 77 
1 2 4 41    44 77 
1 2 4 42    46 85 
1 2 4 43    47 85 
1 2 4 44    46 84 
1 2 4 45    47 84 
1 2 4 46    45 78 
1 2 4 47    46 83 
1 2 4 48    47 83 
1 2 4 49    46 82 
1 2 4 50    43 76 
1 2 4 51    44 76 
1 2 4 52    47 82 
1 2 4 53    46 78 
1 2 4 54    46 79 
1 2 4 55    45 77 
1 2 4 56    46 80 
1 2 4 57    46 81 
1 2 4 58    43 75 
1 2 4 59    44 75 
1 2 4 60    47 81 
1 2 4 61    47 80 
1 2 4 62    47 79 
1 2 4 63    47 78 
1 3 0 00    58 37 
1 3 0 01    58 36 
1 3 0 02    58 38 
1 3 0 03    58 35 
1 3 0 04    58 34 
1 3 0 05    58 33 
1 3 0 06    57 37 
1 3 0 07    57 36 
1 3 0 09    57 35 
1 3 0 10    57 34 
1 3 0 11    57 33 
1 3 0 14    56 33 
1 3 0 15    56 34 
1 3 0 16    56 35 
1 3 0 17    56 36 
1 3 0 18    56 37 
1 3 0 19    55 33 
1 3 0 20    55 34 
1 3 0 21    54 33 
1 3 0 22    53 33 
1 3 0 23    52 33 
1 3 0 24    51 33 
1 3 0 25    50 33 
1 3 0 26    49 33 
1 3 0 27    48 33 
1 3 0 28    55 35 
1 3 0 29    55 36 
1 3 0 30    55 37 
1 3 0 31    54 35 
1 3 0 32    54 34 
1 3 0 33    53 34 
1 3 0 34    52 34 
1 3 0 35    51 34 
1 3 0 36    50 34 
1 3 0 37    49 34 
1 3 0 38    48 34 
1 3 0 39    54 36 
1 3 0 40    54 37 
1 3 0 41    53 35 
1 3 0 42    53 37 
1 3 0 43    52 35 
1 3 0 44    52 38 
1 3 0 45    51 35 
1 3 0 46    51 38 
1 3 0 47    53 36 
1 3 0 48    50 38 
1 3 0 49    50 35 
1 3 0 50    49 38 
1 3 0 51    49 35 
1 3 0 52    48 38 
1 3 0 53    48 35 
1 3 0 54    52 37 
1 3 0 55    52 36 
1 3 0 56    48 37 
1 3 0 57    48 36 
1 3 0 58    49 37 
1 3 0 59    49 36 
1 3 0 60    50 37 
1 3 0 61    50 36 
1 3 0 62    51 37 
1 3 0 63    51 36 
1 3 1 00    60 43 
1 3 1 01    61 43 
1 3 1 02    60 44 
1 3 1 03    61 44 
1 3 1 04    60 45 
1 3 1 05    61 45 
1 3 1 06    60 46 
1 3 1 07    61 46 
1 3 1 08    60 47 
1 3 1 09    61 47 
1 3 1 10    60 42 
1 3 1 11    61 42 
1 3 1 12    59 47 
1 3 1 13    62 47 
1 3 1 14    59 46 
1 3 1 15    62 46 
1 3 1 16    59 45 
1 3 1 17    62 45 
1 3 1 18    59 44 
1 3 1 19    62 44 
1 3 1 20    60 41 
1 3 1 21    61 41 
1 3 1 22    59 43 
1 3 1 23    62 43 
1 3 1 24    59 42 
1 3 1 25    62 42 
1 3 1 26    58 42 
1 3 1 27    62 41 
1 3 1 28    59 41 
1 3 1 29    61 40 
1 3 1 30    60 40 
1 3 1 31    62 40 
1 3 1 32    58 41 
1 3 1 33    59 40 
1 3 1 34    58 40 
1 3 1 35    62 39 
1 3 1 36    60 39 
1 3 1 37    61 39 
1 3 1 38    58 39 
1 3 1 39    59 39 
1 3 1 40    59 38 
1 3 1 41    62 38 
1 3 1 42    59 37 
1 3 1 43    62 37 
1 3 1 44    60 38 
1 3 1 45    61 38 
1 3 1 46    59 36 
1 3 1 47    62 36 
1 3 1 48    59 35 
1 3 1 49    62 35 
1 3 1 50    59 34 
1 3 1 51    62 34 
1 3 1 52    59 33 
1 3 1 53    62 33 
1 3 1 54    60 37 
1 3 1 55    61 37 
1 3 1 56    60 33 
1 3 1 57    61 33 
1 3 1 58    60 34 
1 3 1 59    61 34 
1 3 1 60    60 35 
1 3 1 61    61 35 
1 3 1 62    60 36 
1 3 1 63    61 36 
1 3 2 00    63 43 
1 3 2 01    64 43 
1 3 2 02    64 44 
1 3 2 03    65 47 
1 3 2 04    64 45 
1 3 2 05    66 47 
1 3 2 06    63 42 
1 3 2 07    64 42 
1 3 2 08    64 46 
1 3 2 09    67 47 
1 3 2 10    64 47 
1 3 2 11    68 47 
1 3 2 12    63 44 
1 3 2 13    65 46 
1 3 2 14    63 45 
1 3 2 15    65 45 
1 3 2 16    63 41 
1 3 2 17    64 41 
1 3 2 18    63 46 
1 3 2 19    65 44 
1 3 2 20    63 47 
1 3 2 21    65 43 
1 3 2 22    65 42 
1 3 2 23    66 46 
1 3 2 24    67 46 
1 3 2 25    68 46 
1 3 2 26    63 40 
1 3 2 27    64 40 
1 3 2 28    66 45 
1 3 2 29    67 45 
1 3 2 30    68 45 
1 3 2 31    66 44 
1 3 2 32    67 44 
1 3 2 33    68 44 
1 3 2 34    65 39 
1 3 2 35    66 43 
1 3 2 36    63 39 
1 3 2 37    64 39 
1 3 2 38    65 38 
1 3 2 40    67 35 
1 3 2 41    66 36 
1 3 2 42    67 34 
1 3 2 43    66 35 
1 3 2 44    67 33 
1 3 2 45    66 34 
1 3 2 46    63 38 
1 3 2 47    64 38 
1 3 2 48    65 37 
1 3 2 49    66 33 
1 3 2 50    65 35 
1 3 2 51    65 36 
1 3 2 52    65 33 
1 3 2 53    65 34 
1 3 2 54    63 33 
1 3 2 55    64 33 
1 3 2 56    63 37 
1 3 2 57    64 37 
1 3 2 58    63 34 
1 3 2 59    64 34 
1 3 2 60    63 35 
1 3 2 61    64 35 
1 3 2 62    63 36 
1 3 2 63    64 36 
1 3 3 00    68 43 
1 3 3 01    67 43 
1 3 3 02    68 41 
1 3 3 03    68 42 
1 3 3 04    73 40 
1 3 3 05    74 40 
1 3 3 06    72 40 
1 3 3 07    67 42 
1 3 3 08    70 40 
1 3 3 09    71 40 
1 3 3 10    74 39 
1 3 3 11    69 40 
1 3 3 12    72 39 
1 3 3 13    73 39 
1 3 3 14    66 42 
1 3 3 15    68 40 
1 3 3 17    71 39 
1 3 3 18    66 41 
1 3 3 19    70 39 
1 3 3 20    69 39 
1 3 3 21    67 41 
1 3 3 22    65 41 
1 3 3 23    68 39 
1 3 3 24    66 40 
1 3 3 25    67 40 
1 3 3 26    72 38 
1 3 3 27    73 38 
1 3 3 28    70 38 
1 3 3 29    71 38 
1 3 3 30    65 40 
1 3 3 31    73 37 
1 3 3 32    66 39 
1 3 3 33    72 37 
1 3 3 34    69 38 
1 3 3 35    71 37 
1 3 3 36    68 38 
1 3 3 37    67 39 
1 3 3 38    71 36 
1 3 3 39    72 36 
1 3 3 40    72 35 
1 3 3 41    70 37 
1 3 3 42    70 36 
1 3 3 43    71 35 
1 3 3 44    66 38 
1 3 3 45    70 35 
1 3 3 46    71 34 
1 3 3 47    67 38 
1 3 3 48    69 37 
1 3 3 49    71 33 
1 3 3 50    70 34 
1 3 3 51    68 37 
1 3 3 52    69 36 
1 3 3 53    70 33 
1 3 3 54    69 34 
1 3 3 55    69 35 
1 3 3 56    66 37 
1 3 3 57    69 33 
1 3 3 58    68 36 
1 3 3 59    67 37 
1 3 3 60    68 34 
1 3 3 61    68 35 
1 3 3 62    67 36 
1 3 3 63    68 33 
0 4 2 00    51 48 
0 4 2 01    52 48 
0 4 2 02    51 49 
0 4 2 03    52 49 
0 4 2 04    51 50 
0 4 2 05    52 50 
0 4 2 06    51 47 
0 4 2 07    52 47 
0 4 2 08    50 49 
0 4 2 09    50 50 
0 4 2 10    50 47 
0 4 2 11    50 48 
0 4 2 12    49 49 
0 4 2 13    49 50 
0 4 2 14    50 46 
0 4 2 15    49 48 
0 4 2 16    51 46 
0 4 2 17    52 46 
0 4 2 18    48 50 
0 4 2 19    49 47 
0 4 2 20    48 48 
0 4 2 21    48 49 
0 4 2 22    49 46 
0 4 2 23    48 47 
0 4 2 24    51 45 
0 4 2 25    48 46 
0 4 2 26    50 45 
0 4 2 27    52 45 
0 4 2 28    48 45 
0 4 2 29    49 45 
0 4 2 32    48 44 
0 4 2 34    49 44 
0 4 2 35    52 44 
0 4 2 36    50 44 
0 4 2 38    51 44 
0 4 2 39    48 43 
0 4 2 40    48 42 
0 4 2 41    49 43 
0 4 2 42    49 42 
0 4 2 43    50 43 
0 4 2 44    51 43 
0 4 2 45    52 43 
0 4 2 46    48 41 
0 4 2 47    48 40 
0 4 2 48    48 39 
0 4 2 49    49 41 
0 4 2 50    49 40 
0 4 2 51    49 39 
0 4 2 52    50 42 
0 4 2 53    50 41 
0 4 2 54    50 40 
0 4 2 55    50 39 
0 4 2 56    51 42 
0 4 2 57    52 42 
0 4 2 58    51 39 
0 4 2 59    52 39 
0 4 2 60    51 40 
0 4 2 61    52 40 
0 4 2 62    51 41 
0 4 2 63    52 41 
0 4 3 00    54 48 
0 4 3 01    55 48 
0 4 3 02    53 48 
0 4 3 03    56 48 
0 4 3 04    54 47 
0 4 3 05    55 47 
0 4 3 06    53 47 
0 4 3 07    56 47 
0 4 3 08    57 47 
0 4 3 09    58 47 
0 4 3 10    53 46 
0 4 3 11    58 46 
0 4 3 12    54 46 
0 4 3 13    57 46 
0 4 3 14    56 46 
0 4 3 15    55 46 
0 4 3 19    58 45 
0 4 3 21    57 45 
0 4 3 22    54 45 
0 4 3 23    56 45 
0 4 3 24    53 45 
0 4 3 25    55 45 
0 4 3 26    58 44 
0 4 3 28    56 44 
0 4 3 29    57 44 
0 4 3 30    53 44 
0 4 3 31    58 43 
0 4 3 32    54 44 
0 4 3 33    55 44 
0 4 3 34    57 42 
0 4 3 35    57 43 
0 4 3 36    57 40 
0 4 3 37    57 41 
0 4 3 38    57 38 
0 4 3 39    57 39 
0 4 3 40    53 43 
0 4 3 41    55 43 
0 4 3 42    54 43 
0 4 3 43    56 43 
0 4 3 44    53 42 
0 4 3 45    56 42 
0 4 3 46    53 41 
0 4 3 47    56 41 
0 4 3 48    53 40 
0 4 3 49    56 40 
0 4 3 50    53 39 
0 4 3 51    56 39 
0 4 3 52    53 38 
0 4 3 53    56 38 
0 4 3 54    54 42 
0 4 3 55    55 42 
0 4 3 56    54 38 
0 4 3 57    55 38 
0 4 3 58    54 39 
0 4 3 59    55 39 
0 4 3 60    54 40 
0 4 3 61    55 40 
0 4 3 62    54 41 
0 4 3 63    55 41 
1 3 4 00    73 48 
1 3 4 01    74 48 
1 3 4 02    75 48 
1 3 4 03    76 48 
1 3 4 04    77 48 
1 3 4 05    69 47 
1 3 4 06    78 48 
1 3 4 07    70 47 
1 3 4 08    71 47 
1 3 4 09    72 47 
1 3 4 10    73 47 
1 3 4 11    74 47 
1 3 4 12    75 47 
1 3 4 13    76 47 
1 3 4 14    77 47 
1 3 4 15    69 46 
1 3 4 16    78 47 
1 3 4 17    70 46 
1 3 4 18    71 46 
1 3 4 19    72 46 
1 3 4 20    73 46 
1 3 4 21    74 46 
1 3 4 22    75 46 
1 3 4 23    76 46 
1 3 4 24    77 46 
1 3 4 25    69 45 
1 3 4 26    70 45 
1 3 4 27    71 45 
1 3 4 28    72 45 
1 3 4 29    73 45 
1 3 4 30    74 45 
1 3 4 31    75 45 
1 3 4 32    76 45 
1 3 4 33    69 44 
1 3 4 34    77 45 
1 3 4 35    70 44 
1 3 4 36    71 44 
1 3 4 37    72 44 
1 3 4 38    73 44 
1 3 4 39    74 44 
1 3 4 40    75 44 
1 3 4 41    76 44 
1 3 4 42    70 43 
1 3 4 43    69 43 
1 3 4 44    71 43 
1 3 4 45    72 43 
1 3 4 46    73 43 
1 3 4 47    74 43 
1 3 4 48    75 43 
1 3 4 49    76 43 
1 3 4 50    70 42 
1 3 4 51    71 42 
1 3 4 52    72 42 
1 3 4 53    69 42 
1 3 4 54    73 42 
1 3 4 55    74 42 
1 3 4 56    75 42 
1 3 4 57    75 41 
1 3 4 58    74 41 
1 3 4 59    73 41 
1 3 4 60    72 41 
1 3 4 61    71 41 
1 3 4 62    70 41 
1 3 4 63    69 41 
0 6 2 00    51 59 
0 6 2 01    52 59 
0 6 2 02    51 58 
0 6 2 03    52 58 
0 6 2 04    51 60 
0 6 2 05    52 60 
0 6 2 06    51 61 
0 6 2 07    52 61 
0 6 2 08    51 62 
0 6 2 09    52 62 
0 6 2 10    49 63 
0 6 2 11    50 63 
0 6 2 12    51 57 
0 6 2 13    52 57 
0 6 2 14    48 63 
0 6 2 15    48 64 
0 6 2 16    49 62 
0 6 2 17    50 62 
0 6 2 18    50 59 
0 6 2 19    48 62 
0 6 2 20    51 56 
0 6 2 21    52 56 
0 6 2 22    50 61 
0 6 2 23    50 60 
0 6 2 24    50 58 
0 6 2 25    50 57 
0 6 2 26    49 61 
0 6 2 27    50 56 
0 6 2 28    49 60 
0 6 2 29    48 61 
0 6 2 30    51 55 
0 6 2 31    52 55 
0 6 2 32    49 59 
0 6 2 33    48 60 
0 6 2 34    49 58 
0 6 2 35    48 59 
0 6 2 36    49 57 
0 6 2 37    48 58 
0 6 2 38    49 56 
0 6 2 39    48 57 
0 6 2 40    51 54 
0 6 2 41    52 54 
0 6 2 42    50 55 
0 6 2 43    48 56 
0 6 2 44    48 55 
0 6 2 45    49 55 
0 6 2 46    49 54 
0 6 2 47    50 54 
0 6 2 48    50 53 
0 6 2 49    48 54 
0 6 2 50    51 53 
0 6 2 51    52 53 
0 6 2 52    48 53 
0 6 2 53    49 53 
0 6 2 54    49 52 
0 6 2 55    48 52 
0 6 2 56    48 51 
0 6 2 57    50 52 
0 6 2 58    51 52 
0 6 2 59    52 52 
0 6 2 60    49 51 
0 6 2 61    50 51 
0 6 2 62    51 51 
0 6 2 63    52 51 
0 6 3 00    54 59 
0 6 3 01    55 59 
0 6 3 02    53 59 
0 6 3 03    56 59 
0 6 3 04    57 59 
0 6 3 05    55 58 
0 6 3 06    54 58 
0 6 3 07    56 58 
0 6 3 08    53 58 
0 6 3 09    57 58 
0 6 3 10    54 57 
0 6 3 11    55 57 
0 6 3 12    53 57 
0 6 3 13    56 57 
0 6 3 15    57 57 
0 6 3 20    54 56 
0 6 3 21    55 56 
0 6 3 22    53 56 
0 6 3 23    56 56 
0 6 3 25    57 56 
0 6 3 28    54 55 
0 6 3 29    55 55 
0 6 3 31    56 55 
0 6 3 32    53 55 
0 6 3 33    57 55 
0 6 3 37    57 54 
0 6 3 38    53 54 
0 6 3 39    56 54 
0 6 3 40    54 54 
0 6 3 41    55 54 
0 6 3 44    53 53 
0 6 3 45    56 53 
0 6 3 46    54 53 
0 6 3 47    55 53 
0 6 3 48    53 49 
0 6 3 49    56 49 
0 6 3 50    53 50 
0 6 3 51    56 50 
0 6 3 52    53 51 
0 6 3 53    56 51 
0 6 3 54    53 52 
0 6 3 55    56 52 
0 6 3 56    54 52 
0 6 3 57    55 52 
0 6 3 58    54 49 
0 6 3 59    55 49 
0 6 3 60    54 50 
0 6 3 61    55 50 
0 6 3 62    54 51 
0 6 3 63    55 51 
1 4 0 00    59 56 
1 4 0 01    60 56 
1 4 0 02    59 55 
1 4 0 03    60 55 
1 4 0 04    59 57 
1 4 0 05    60 57 
1 4 0 06    59 58 
1 4 0 07    60 58 
1 4 0 08    58 58 
1 4 0 09    61 58 
1 4 0 10    59 54 
1 4 0 11    60 54 
1 4 0 12    58 57 
1 4 0 13    62 58 
1 4 0 14    58 56 
1 4 0 15    63 58 
1 4 0 16    61 57 
1 4 0 17    62 57 
1 4 0 18    63 57 
1 4 0 19    61 56 
1 4 0 20    59 53 
1 4 0 21    60 53 
1 4 0 22    58 55 
1 4 0 23    62 56 
1 4 0 24    58 54 
1 4 0 25    63 56 
1 4 0 26    58 53 
1 4 0 27    61 55 
1 4 0 28    57 53 
1 4 0 29    62 55 
1 4 0 30    59 52 
1 4 0 31    60 52 
1 4 0 32    58 52 
1 4 0 33    61 54 
1 4 0 34    57 52 
1 4 0 35    62 54 
1 4 0 36    57 51 
1 4 0 37    61 53 
1 4 0 38    58 51 
1 4 0 39    62 53 
1 4 0 40    59 51 
1 4 0 41    60 51 
1 4 0 42    61 52 
1 4 0 43    62 52 
1 4 0 44    61 51 
1 4 0 45    62 51 
1 4 0 46    57 50 
1 4 0 47    62 50 
1 4 0 48    58 50 
1 4 0 49    61 50 
1 4 0 50    59 50 
1 4 0 51    60 50 
1 4 0 52    57 49 
1 4 0 53    62 49 
1 4 0 54    58 49 
1 4 0 55    61 49 
1 4 0 56    57 48 
1 4 0 57    62 48 
1 4 0 58    59 49 
1 4 0 59    60 49 
1 4 0 60    58 48 
1 4 0 61    61 48 
1 4 0 62    59 48 
1 4 0 63    60 48 
1 4 1 00    65 56 
1 4 1 01    66 56 
1 4 1 02    65 57 
1 4 1 03    66 57 
1 4 1 04    65 58 
1 4 1 05    66 58 
1 4 1 06    65 55 
1 4 1 07    66 55 
1 4 1 08    64 58 
1 4 1 09    67 58 
1 4 1 10    64 57 
1 4 1 11    68 58 
1 4 1 12    65 54 
1 4 1 13    66 54 
1 4 1 14    64 56 
1 4 1 15    67 57 
1 4 1 16    64 55 
1 4 1 17    68 57 
1 4 1 18    63 55 
1 4 1 19    67 56 
1 4 1 20    64 54 
1 4 1 21    68 56 
1 4 1 22    65 53 
1 4 1 23    66 53 
1 4 1 24    63 54 
1 4 1 25    67 55 
1 4 1 26    64 53 
1 4 1 27    68 55 
1 4 1 28    63 53 
1 4 1 29    67 54 
1 4 1 30    63 52 
1 4 1 31    68 54 
1 4 1 32    65 52 
1 4 1 33    66 52 
1 4 1 34    64 52 
1 4 1 35    67 53 
1 4 1 36    63 51 
1 4 1 37    68 53 
1 4 1 38    64 51 
1 4 1 39    67 52 
1 4 1 40    65 51 
1 4 1 41    66 51 
1 4 1 42    63 50 
1 4 1 43    68 52 
1 4 1 44    64 50 
1 4 1 45    67 51 
1 4 1 46    63 49 
1 4 1 47    68 51 
1 4 1 48    64 49 
1 4 1 49    68 50 
1 4 1 50    65 50 
1 4 1 51    66 50 
1 4 1 52    68 49 
1 4 1 53    67 50 
1 4 1 54    63 48 
1 4 1 55    67 49 
1 4 1 56    68 48 
1 4 1 57    69 48 
1 4 1 58    64 48 
1 4 1 59    67 48 
1 4 1 60    65 48 
1 4 1 61    66 48 
1 4 1 62    65 49 
1 4 1 63    66 49 
1 4 2 00    70 57 
1 4 2 01    71 57 
1 4 2 02    70 56 
1 4 2 03    71 56 
1 4 2 04    70 58 
1 4 2 05    71 58 
1 4 2 06    69 58 
1 4 2 07    72 58 
1 4 2 08    69 57 
1 4 2 09    73 58 
1 4 2 10    70 55 
1 4 2 11    71 55 
1 4 2 12    69 56 
1 4 2 13    74 58 
1 4 2 14    69 55 
1 4 2 15    75 58 
1 4 2 16    76 58 
1 4 2 17    75 57 
1 4 2 18    69 54 
1 4 2 19    74 57 
1 4 2 20    70 54 
1 4 2 21    71 54 
1 4 2 22    72 55 
1 4 2 23    72 57 
1 4 2 24    73 57 
1 4 2 25    72 56 
1 4 2 26    73 56 
1 4 2 27    73 55 
1 4 2 28    69 53 
1 4 2 29    72 54 
1 4 2 30    70 53 
1 4 2 31    71 53 
1 4 2 32    73 54 
1 4 2 33    72 53 
1 4 2 34    73 53 
1 4 2 35    73 52 
1 4 2 36    69 52 
1 4 2 37    72 52 
1 4 2 38    70 52 
1 4 2 39    71 52 
1 4 2 40    72 51 
1 4 2 41    73 51 
1 4 2 42    72 50 
1 4 2 43    73 50 
1 4 2 44    74 49 
1 4 2 45    73 49 
1 4 2 46    69 51 
1 4 2 47    75 49 
1 4 2 48    70 51 
1 4 2 49    71 51 
1 4 2 50    77 49 
1 4 2 51    76 49 
1 4 2 52    79 49 
1 4 2 53    78 49 
1 4 2 54    69 50 
1 4 2 55    72 49 
1 4 2 56    70 50 
1 4 2 57    71 50 
1 4 2 58    69 49 
1 4 2 59    72 48 
1 4 2 60    70 48 
1 4 2 61    71 48 
1 4 2 62    70 49 
1 4 2 63    71 49 
1 4 3 00    77 58 
1 4 3 01    78 58 
1 4 3 02    79 58 
1 4 3 03    76 57 
1 4 3 04    77 57 
1 4 3 05    74 56 
1 4 3 06    78 57 
1 4 3 07    79 57 
1 4 3 08    80 57 
1 4 3 09    81 57 
1 4 3 10    82 57 
1 4 3 11    75 56 
1 4 3 12    76 56 
1 4 3 13    74 55 
1 4 3 14    77 56 
1 4 3 15    78 56 
1 4 3 16    79 56 
1 4 3 17    80 56 
1 4 3 18    81 56 
1 4 3 19    82 56 
1 4 3 20    75 55 
1 4 3 21    76 55 
1 4 3 22    77 55 
1 4 3 23    74 54 
1 4 3 24    78 55 
1 4 3 25    79 55 
1 4 3 26    80 55 
1 4 3 27    81 55 
1 4 3 28    82 55 
1 4 3 29    75 54 
1 4 3 30    76 54 
1 4 3 31    74 53 
1 4 3 32    77 54 
1 4 3 33    78 54 
1 4 3 34    79 54 
1 4 3 35    80 54 
1 4 3 36    81 54 
1 4 3 37    75 53 
1 4 3 38    76 53 
1 4 3 39    77 53 
1 4 3 40    78 53 
1 4 3 41    74 52 
1 4 3 42    79 53 
1 4 3 43    80 53 
1 4 3 44    81 53 
1 4 3 45    75 52 
1 4 3 46    76 52 
1 4 3 47    77 52 
1 4 3 48    78 52 
1 4 3 49    74 51 
1 4 3 50    79 52 
1 4 3 51    80 52 
1 4 3 52    76 51 
1 4 3 53    75 51 
1 4 3 54    78 51 
1 4 3 55    77 51 
1 4 3 56    80 51 
1 4 3 57    79 51 
1 4 3 58    75 50 
1 4 3 59    74 50 
1 4 3 60    77 50 
1 4 3 61    76 50 
1 4 3 62    79 50 
1 4 3 63    78 50 
1 0 2 00    51 70 
1 0 2 01    52 70 
1 0 2 02    51 74 
1 0 2 03    52 71 
1 0 2 04    51 69 
1 0 2 05    52 69 
1 0 2 06    50 75 
1 0 2 07    52 72 
1 0 2 08    50 76 
1 0 2 09    52 73 
1 0 2 10    49 77 
1 0 2 11    52 74 
1 0 2 12    48 77 
1 0 2 13    49 76 
1 0 2 14    51 68 
1 0 2 15    52 68 
1 0 2 16    51 72 
1 0 2 17    51 73 
1 0 2 18    48 76 
1 0 2 19    51 71 
1 0 2 20    48 75 
1 0 2 21    49 75 
1 0 2 22    51 67 
1 0 2 23    52 67 
1 0 2 24    49 74 
1 0 2 25    50 74 
1 0 2 26    50 69 
1 0 2 27    48 74 
1 0 2 28    50 70 
1 0 2 29    50 68 
1 0 2 30    50 72 
1 0 2 31    50 71 
1 0 2 32    51 66 
1 0 2 33    52 66 
1 0 2 34    49 73 
1 0 2 35    50 73 
1 0 2 36    50 67 
1 0 2 37    48 73 
1 0 2 38    48 72 
1 0 2 39    49 72 
1 0 2 40    51 65 
1 0 2 41    52 65 
1 0 2 42    48 71 
1 0 2 43    49 71 
1 0 2 44    49 68 
1 0 2 45    49 70 
1 0 2 46    49 67 
1 0 2 47    50 66 
1 0 2 48    48 70 
1 0 2 49    49 69 
1 0 2 50    51 64 
1 0 2 51    52 64 
1 0 2 52    48 68 
1 0 2 53    48 69 
1 0 2 54    49 66 
1 0 2 55    50 65 
1 0 2 56    48 66 
1 0 2 57    48 67 
1 0 2 58    51 63 
1 0 2 59    52 63 
1 0 2 60    48 65 
1 0 2 61    49 65 
1 0 2 62    49 64 
1 0 2 63    50 64 
1 0 3 00    54 70 
1 0 3 01    55 70 
1 0 3 02    54 71 
1 0 3 03    55 71 
1 0 3 04    54 72 
1 0 3 05    55 72 
1 0 3 06    54 69 
1 0 3 07    55 69 
1 0 3 08    53 72 
1 0 3 09    56 72 
1 0 3 10    53 71 
1 0 3 11    56 71 
1 0 3 12    53 70 
1 0 3 13    56 70 
1 0 3 14    53 69 
1 0 3 15    57 71 
1 0 3 16    54 68 
1 0 3 17    55 68 
1 0 3 18    53 68 
1 0 3 19    57 70 
1 0 3 20    53 67 
1 0 3 21    56 69 
1 0 3 22    57 69 
1 0 3 23    56 68 
1 0 3 24    54 67 
1 0 3 25    55 67 
1 0 3 26    57 68 
1 0 3 27    56 67 
1 0 3 28    57 66 
1 0 3 29    57 67 
1 0 3 30    53 66 
1 0 3 31    56 66 
1 0 3 32    54 66 
1 0 3 33    55 66 
1 0 3 34    57 64 
1 0 3 35    57 65 
1 0 3 36    56 64 
1 0 3 37    57 63 
1 0 3 38    53 65 
1 0 3 39    56 65 
1 0 3 40    54 65 
1 0 3 41    55 65 
1 0 3 42    56 63 
1 0 3 43    57 62 
1 0 3 44    53 64 
1 0 3 45    56 62 
1 0 3 46    53 63 
1 0 3 47    57 61 
1 0 3 48    53 62 
1 0 3 49    57 60 
1 0 3 50    54 64 
1 0 3 51    55 64 
1 0 3 52    53 61 
1 0 3 53    56 61 
1 0 3 54    53 60 
1 0 3 55    56 60 
1 0 3 56    54 60 
1 0 3 57    55 60 
1 0 3 58    54 63 
1 0 3 59    55 63 
1 0 3 60    54 61 
1 0 3 61    55 61 
1 0 3 62    54 62 
1 0 3 63    55 62 
1 5 0 00    59 68 
1 5 0 01    60 68 
1 5 0 02    59 69 
1 5 0 03    60 69 
1 5 0 04    59 67 
1 5 0 05    60 67 
1 5 0 06    59 70 
1 5 0 07    60 70 
1 5 0 08    59 71 
1 5 0 09    60 71 
1 5 0 10    58 71 
1 5 0 11    61 71 
1 5 0 12    59 66 
1 5 0 13    60 66 
1 5 0 14    58 70 
1 5 0 15    62 71 
1 5 0 16    58 69 
1 5 0 17    61 70 
1 5 0 18    58 68 
1 5 0 19    62 70 
1 5 0 20    59 65 
1 5 0 21    60 65 
1 5 0 22    58 67 
1 5 0 23    61 69 
1 5 0 24    58 66 
1 5 0 25    62 69 
1 5 0 26    58 65 
1 5 0 27    61 68 
1 5 0 28    58 64 
1 5 0 29    62 68 
1 5 0 30    59 64 
1 5 0 31    60 64 
1 5 0 32    61 67 
1 5 0 33    62 67 
1 5 0 34    61 66 
1 5 0 35    62 66 
1 5 0 36    61 65 
1 5 0 37    62 65 
1 5 0 38    59 63 
1 5 0 39    60 63 
1 5 0 40    58 63 
1 5 0 41    61 64 
1 5 0 42    62 64 
1 5 0 43    61 63 
1 5 0 44    62 63 
1 5 0 45    62 62 
1 5 0 46    61 62 
1 5 0 47    62 61 
1 5 0 48    59 62 
1 5 0 49    60 62 
1 5 0 50    58 62 
1 5 0 51    61 61 
1 5 0 52    58 61 
1 5 0 53    62 60 
1 5 0 54    58 60 
1 5 0 55    61 60 
1 5 0 56    59 61 
1 5 0 57    60 61 
1 5 0 58    58 59 
1 5 0 59    61 59 
1 5 0 60    59 59 
1 5 0 61    60 59 
1 5 0 62    59 60 
1 5 0 63    60 60 
1 5 1 00    64 68 
1 5 1 01    65 68 
1 5 1 02    64 69 
1 5 1 03    65 69 
1 5 1 04    64 67 
1 5 1 05    65 67 
1 5 1 06    64 70 
1 5 1 07    65 70 
1 5 1 08    64 71 
1 5 1 09    65 71 
1 5 1 10    63 70 
1 5 1 11    63 71 
1 5 1 12    63 68 
1 5 1 13    63 69 
1 5 1 14    64 66 
1 5 1 15    65 66 
1 5 1 16    63 66 
1 5 1 17    63 67 
1 5 1 18    66 71 
1 5 1 19    67 71 
1 5 1 20    66 70 
1 5 1 21    67 70 
1 5 1 22    64 65 
1 5 1 23    65 65 
1 5 1 24    63 65 
1 5 1 25    66 69 
1 5 1 26    67 69 
1 5 1 27    66 68 
1 5 1 28    67 68 
1 5 1 29    66 67 
1 5 1 30    64 64 
1 5 1 31    65 64 
1 5 1 32    63 64 
1 5 1 33    67 67 
1 5 1 34    66 66 
1 5 1 35    67 66 
1 5 1 36    66 65 
1 5 1 37    67 65 
1 5 1 38    66 64 
1 5 1 39    67 64 
1 5 1 40    64 63 
1 5 1 41    65 63 
1 5 1 42    63 63 
1 5 1 43    66 63 
1 5 1 44    67 62 
1 5 1 45    67 63 
1 5 1 46    63 62 
1 5 1 47    66 62 
1 5 1 48    64 62 
1 5 1 49    65 62 
1 5 1 50    63 61 
1 5 1 51    67 61 
1 5 1 52    62 59 
1 5 1 53    66 61 
1 5 1 54    63 60 
1 5 1 55    66 60 
1 5 1 56    63 59 
1 5 1 57    66 59 
1 5 1 58    64 61 
1 5 1 59    65 61 
1 5 1 60    64 59 
1 5 1 61    65 59 
1 5 1 62    64 60 
1 5 1 63    65 60 
1 5 2 00    69 68 
1 5 2 01    70 68 
1 5 2 02    69 69 
1 5 2 03    70 69 
1 5 2 04    69 70 
1 5 2 05    70 70 
1 5 2 06    68 70 
1 5 2 07    71 70 
1 5 2 08    69 67 
1 5 2 09    70 67 
1 5 2 10    68 69 
1 5 2 11    72 70 
1 5 2 12    68 68 
1 5 2 13    71 69 
1 5 2 14    68 67 
1 5 2 15    72 69 
1 5 2 16    69 66 
1 5 2 17    70 66 
1 5 2 18    68 66 
1 5 2 19    72 68 
1 5 2 20    71 68 
1 5 2 21    71 67 
1 5 2 22    72 67 
1 5 2 23    71 66 
1 5 2 24    69 65 
1 5 2 25    70 65 
1 5 2 26    68 65 
1 5 2 27    72 66 
1 5 2 28    72 65 
1 5 2 29    71 65 
1 5 2 30    71 64 
1 5 2 31    72 64 
1 5 2 32    71 63 
1 5 2 33    72 63 
1 5 2 34    69 64 
1 5 2 35    70 64 
1 5 2 36    68 64 
1 5 2 37    72 62 
1 5 2 38    72 60 
1 5 2 39    72 61 
1 5 2 40    67 60 
1 5 2 41    71 61 
1 5 2 42    69 63 
1 5 2 43    70 63 
1 5 2 44    68 63 
1 5 2 45    72 59 
1 5 2 46    67 59 
1 5 2 47    71 60 
1 5 2 48    68 60 
1 5 2 49    71 59 
1 5 2 50    68 62 
1 5 2 52    69 62 
1 5 2 53    70 62 
1 5 2 54    68 59 
1 5 2 56    69 59 
1 5 2 57    71 62 
1 5 2 58    68 61 
1 5 2 59    70 59 
1 5 2 60    69 61 
1 5 2 61    70 61 
1 5 2 62    69 60 
1 5 2 63    70 60 
1 5 3 00    74 68 
1 5 3 01    75 68 
1 5 3 02    74 67 
1 5 3 03    75 67 
1 5 3 04    73 68 
1 5 3 05    76 68 
1 5 3 06    73 67 
1 5 3 07    77 68 
1 5 3 08    73 66 
1 5 3 09    76 67 
1 5 3 10    74 66 
1 5 3 11    75 66 
1 5 3 12    76 66 
1 5 3 13    77 67 
1 5 3 14    77 65 
1 5 3 15    77 66 
1 5 3 16    77 64 
1 5 3 17    76 65 
1 5 3 18    74 65 
1 5 3 19    75 65 
1 5 3 20    73 65 
1 5 3 21    76 64 
1 5 3 22    76 63 
1 5 3 23    77 63 
1 5 3 24    80 60 
1 5 3 25    81 60 
1 5 3 26    73 64 
1 5 3 27    79 60 
1 5 3 28    74 64 
1 5 3 29    75 64 
1 5 3 30    77 60 
1 5 3 31    78 60 
1 5 3 32    82 59 
1 5 3 33    83 59 
1 5 3 34    76 62 
1 5 3 35    77 62 
1 5 3 36    74 63 
1 5 3 37    75 63 
1 5 3 38    73 63 
1 5 3 39    77 61 
1 5 3 40    81 59 
1 5 3 41    76 61 
1 5 3 42    79 59 
1 5 3 43    80 59 
1 5 3 44    74 62 
1 5 3 45    75 62 
1 5 3 46    73 62 
1 5 3 47    78 59 
1 5 3 48    76 60 
1 5 3 49    77 59 
1 5 3 50    82 58 
1 5 3 51    83 58 
1 5 3 52    73 61 
1 5 3 53    81 58 
1 5 3 54    74 61 
1 5 3 55    75 61 
1 5 3 56    73 59 
1 5 3 57    80 58 
1 5 3 58    74 59 
1 5 3 59    76 59 
1 5 3 60    73 60 
1 5 3 61    75 59 
1 5 3 62    74 60 
1 5 3 63    75 60 
1 5 4 00    78 68 
1 5 4 01    79 68 
1 5 4 02    87 67 
1 5 4 03    86 67 
1 5 4 04    85 67 
1 5 4 05    84 67 
1 5 4 06    78 67 
1 5 4 07    79 67 
1 5 4 08    80 67 
1 5 4 09    82 67 
1 5 4 10    81 67 
1 5 4 11    83 67 
1 5 4 12    78 66 
1 5 4 13    79 66 
1 5 4 14    86 66 
1 5 4 15    85 66 
1 5 4 16    84 66 
1 5 4 17    83 66 
1 5 4 18    80 66 
1 5 4 19    81 66 
1 5 4 20    82 66 
1 5 4 21    86 65 
1 5 4 22    78 65 
1 5 4 23    79 65 
1 5 4 24    85 65 
1 5 4 25    84 65 
1 5 4 26    80 65 
1 5 4 27    81 65 
1 5 4 28    82 65 
1 5 4 29    83 65 
1 5 4 30    78 64 
1 5 4 31    79 64 
1 5 4 32    85 64 
1 5 4 33    84 64 
1 5 4 34    80 64 
1 5 4 35    81 64 
1 5 4 36    82 64 
1 5 4 37    83 64 
1 5 4 38    78 63 
1 5 4 39    79 63 
1 5 4 40    85 63 
1 5 4 41    84 63 
1 5 4 42    83 63 
1 5 4 43    82 63 
1 5 4 44    80 63 
1 5 4 45    81 63 
1 5 4 46    85 62 
1 5 4 47    84 62 
1 5 4 48    78 62 
1 5 4 49    79 62 
1 5 4 50    80 62 
1 5 4 51    81 62 
1 5 4 52    82 62 
1 5 4 53    83 62 
1 5 4 54    84 61 
1 5 4 55    83 61 
1 5 4 56    78 61 
1 5 4 57    79 61 
1 5 4 58    80 61 
1 5 4 59    81 61 
1 5 4 60    82 61 
1 5 4 61    84 60 
1 5 4 62    83 60 
1 5 4 63    82 60 
1 6 0 00    51 82 
1 6 0 01    52 82 
1 6 0 02    51 83 
1 6 0 03    52 83 
1 6 0 04    51 85 
1 6 0 05    51 84 
1 6 0 06    51 86 
1 6 0 07    52 84 
1 6 0 08    51 81 
1 6 0 09    52 81 
1 6 0 10    51 87 
1 6 0 11    52 85 
1 6 0 12    50 88 
1 6 0 13    51 88 
1 6 0 14    50 87 
1 6 0 15    52 86 
1 6 0 16    51 80 
1 6 0 17    52 80 
1 6 0 18    50 86 
1 6 0 19    52 87 
1 6 0 20    49 89 
1 6 0 21    52 88 
1 6 0 22    49 88 
1 6 0 23    48 89 
1 6 0 24    51 79 
1 6 0 25    52 79 
1 6 0 26    49 87 
1 6 0 27    48 88 
1 6 0 28    50 80 
1 6 0 29    48 87 
1 6 0 30    50 82 
1 6 0 31    50 81 
1 6 0 32    51 78 
1 6 0 33    52 78 
1 6 0 34    50 84 
1 6 0 35    50 83 
1 6 0 36    49 86 
1 6 0 37    50 85 
1 6 0 38    50 79 
1 6 0 39    48 86 
1 6 0 40    51 77 
1 6 0 41    52 77 
1 6 0 42    48 85 
1 6 0 43    49 85 
1 6 0 44    48 84 
1 6 0 45    49 84 
1 6 0 46    49 83 
1 6 0 47    50 78 
1 6 0 48    49 82 
1 6 0 49    48 83 
1 6 0 50    51 76 
1 6 0 51    52 76 
1 6 0 52    49 78 
1 6 0 53    48 82 
1 6 0 54    50 77 
1 6 0 55    49 79 
1 6 0 56    49 81 
1 6 0 57    49 80 
1 6 0 58    51 75 
1 6 0 59    52 75 
1 6 0 60    48 80 
1 6 0 61    48 81 
1 6 0 62    48 78 
1 6 0 63    48 79 
1 6 1 00    54 83 
1 6 1 01    55 83 
1 6 1 02    54 82 
1 6 1 03    55 82 
1 6 1 04    54 84 
1 6 1 05    55 84 
1 6 1 06    54 85 
1 6 1 07    55 85 
1 6 1 08    54 81 
1 6 1 09    55 81 
1 6 1 10    54 86 
1 6 1 11    55 86 
1 6 1 12    54 87 
1 6 1 13    55 87 
1 6 1 14    54 88 
1 6 1 15    55 88 
1 6 1 16    54 80 
1 6 1 17    55 80 
1 6 1 18    53 88 
1 6 1 19    56 88 
1 6 1 20    53 87 
1 6 1 21    56 87 
1 6 1 22    53 86 
1 6 1 23    56 86 
1 6 1 24    54 79 
1 6 1 25    55 79 
1 6 1 26    53 85 
1 6 1 27    56 85 
1 6 1 28    53 84 
1 6 1 29    56 84 
1 6 1 30    53 83 
1 6 1 31    56 83 
1 6 1 32    54 78 
1 6 1 33    55 78 
1 6 1 34    53 82 
1 6 1 35    56 82 
1 6 1 36    53 81 
1 6 1 37    56 81 
1 6 1 38    53 80 
1 6 1 39    56 80 
1 6 1 40    53 79 
1 6 1 41    56 79 
1 6 1 42    54 77 
1 6 1 43    55 77 
1 6 1 44    53 78 
1 6 1 45    56 78 
1 6 1 46    53 77 
1 6 1 47    56 77 
1 6 1 48    53 76 
1 6 1 49    56 76 
1 6 1 50    54 76 
1 6 1 51    55 76 
1 6 1 52    53 75 
1 6 1 53    56 75 
1 6 1 54    53 74 
1 6 1 55    56 74 
1 6 1 56    53 73 
1 6 1 57    56 73 
1 6 1 58    54 75 
1 6 1 59    55 75 
1 6 1 60    54 73 
1 6 1 61    55 73 
1 6 1 62    54 74 
1 6 1 63    55 74 
1 6 2 00    58 80 
1 6 2 01    59 80 
1 6 2 02    58 81 
1 6 2 03    59 81 
1 6 2 04    58 82 
1 6 2 05    59 82 
1 6 2 06    58 79 
1 6 2 07    59 79 
1 6 2 08    58 83 
1 6 2 09    59 83 
1 6 2 10    58 84 
1 6 2 11    59 84 
1 6 2 12    58 85 
1 6 2 13    59 85 
1 6 2 14    58 78 
1 6 2 15    59 78 
1 6 2 16    58 86 
1 6 2 17    59 86 
1 6 2 18    58 87 
1 6 2 19    59 87 
1 6 2 20    57 87 
1 6 2 21    60 87 
1 6 2 22    58 77 
1 6 2 23    59 77 
1 6 2 24    57 86 
1 6 2 25    60 86 
1 6 2 26    57 85 
1 6 2 27    60 85 
1 6 2 28    57 84 
1 6 2 29    60 84 
1 6 2 30    58 76 
1 6 2 31    59 76 
1 6 2 32    57 83 
1 6 2 33    60 83 
1 6 2 34    57 82 
1 6 2 35    60 82 
1 6 2 36    57 81 
1 6 2 37    60 81 
1 6 2 38    58 75 
1 6 2 39    59 75 
1 6 2 40    57 80 
1 6 2 41    60 80 
1 6 2 42    57 79 
1 6 2 43    60 79 
1 6 2 44    57 78 
1 6 2 45    60 78 
1 6 2 46    57 77 
1 6 2 47    60 77 
1 6 2 48    58 74 
1 6 2 49    59 74 
1 6 2 50    57 76 
1 6 2 51    60 76 
1 6 2 52    57 75 
1 6 2 53    60 75 
1 6 2 54    57 74 
1 6 2 55    60 74 
1 6 2 56    58 73 
1 6 2 57    59 73 
1 6 2 58    57 73 
1 6 2 59    60 73 
1 6 2 60    57 72 
1 6 2 61    60 72 
1 6 2 62    58 72 
1 6 2 63    59 72 
1 6 3 00    62 81 
1 6 3 01    63 81 
1 6 3 02    62 80 
1 6 3 03    63 80 
1 6 3 04    62 82 
1 6 3 05    63 82 
1 6 3 06    62 83 
1 6 3 07    63 83 
1 6 3 08    62 84 
1 6 3 09    63 84 
1 6 3 10    62 79 
1 6 3 11    63 79 
1 6 3 12    62 85 
1 6 3 13    63 85 
1 6 3 14    62 86 
1 6 3 15    63 86 
1 6 3 16    62 87 
1 6 3 17    63 87 
1 6 3 18    62 78 
1 6 3 19    63 78 
1 6 3 20    61 87 
1 6 3 21    64 87 
1 6 3 22    61 86 
1 6 3 23    64 86 
1 6 3 24    61 85 
1 6 3 25    64 85 
1 6 3 26    62 77 
1 6 3 27    63 77 
1 6 3 28    61 84 
1 6 3 29    64 84 
1 6 3 30    61 83 
1 6 3 31    64 83 
1 6 3 32    61 82 
1 6 3 33    64 82 
1 6 3 34    62 76 
1 6 3 35    63 76 
1 6 3 36    61 81 
1 6 3 37    64 81 
1 6 3 38    61 80 
1 6 3 39    64 80 
1 6 3 40    61 79 
1 6 3 41    64 79 
1 6 3 42    62 75 
1 6 3 43    63 75 
1 6 3 44    61 78 
1 6 3 45    64 78 
1 6 3 46    61 77 
1 6 3 47    64 77 
1 6 3 48    61 76 
1 6 3 49    64 76 
1 6 3 50    62 74 
1 6 3 51    63 74 
1 6 3 52    61 75 
1 6 3 53    64 75 
1 6 3 54    61 74 
1 6 3 55    64 74 
1 6 3 56    61 73 
1 6 3 57    64 73 
1 6 3 58    62 73 
1 6 3 59    63 73 
1 6 3 60    61 72 
1 6 3 61    64 72 
1 6 3 62    62 72 
1 6 3 63    63 72 
1 6 4 00    66 81 
1 6 4 01    67 81 
1 6 4 02    66 82 
1 6 4 03    67 82 
1 6 4 04    66 80 
1 6 4 05    67 80 
1 6 4 06    66 83 
1 6 4 07    67 83 
1 6 4 08    66 84 
1 6 4 09    67 84 
1 6 4 10    66 79 
1 6 4 11    67 79 
1 6 4 12    66 85 
1 6 4 13    67 85 
1 6 4 14    66 86 
1 6 4 15    67 86 
1 6 4 16    66 87 
1 6 4 17    67 87 
1 6 4 18    66 78 
1 6 4 19    67 78 
1 6 4 20    65 87 
1 6 4 21    68 86 
1 6 4 22    65 86 
1 6 4 23    68 85 
1 6 4 24    65 85 
1 6 4 25    68 84 
1 6 4 26    66 77 
1 6 4 27    67 77 
1 6 4 28    65 84 
1 6 4 29    68 83 
1 6 4 30    65 83 
1 6 4 31    68 82 
1 6 4 32    65 82 
1 6 4 33    68 81 
1 6 4 34    66 76 
1 6 4 35    67 76 
1 6 4 36    65 81 
1 6 4 37    68 80 
1 6 4 38    65 80 
1 6 4 39    68 79 
1 6 4 40    65 79 
1 6 4 41    68 78 
1 6 4 42    66 75 
1 6 4 43    67 75 
1 6 4 44    65 78 
1 6 4 45    68 77 
1 6 4 46    65 77 
1 6 4 47    68 76 
1 6 4 48    65 76 
1 6 4 49    68 75 
1 6 4 50    66 74 
1 6 4 51    67 74 
1 6 4 52    65 75 
1 6 4 53    68 74 
1 6 4 54    65 74 
1 6 4 55    68 73 
1 6 4 56    65 73 
1 6 4 57    68 72 
1 6 4 58    66 73 
1 6 4 59    67 73 
1 6 4 60    65 72 
1 6 4 61    68 71 
1 6 4 62    66 72 
1 6 4 63    67 72 
1 7 0 00    70 81 
1 7 0 01    71 81 
1 7 0 02    70 82 
1 7 0 03    71 82 
1 7 0 04    70 83 
1 7 0 05    71 83 
1 7 0 06    70 80 
1 7 0 07    71 80 
1 7 0 08    70 84 
1 7 0 09    71 84 
1 7 0 10    70 85 
1 7 0 11    71 85 
1 7 0 12    70 86 
1 7 0 13    71 86 
1 7 0 14    70 79 
1 7 0 15    71 79 
1 7 0 16    69 86 
1 7 0 17    72 86 
1 7 0 18    69 85 
1 7 0 19    72 85 
1 7 0 20    69 84 
1 7 0 21    72 84 
1 7 0 22    70 78 
1 7 0 23    71 78 
1 7 0 24    69 83 
1 7 0 25    72 83 
1 7 0 26    69 82 
1 7 0 27    72 82 
1 7 0 28    69 81 
1 7 0 29    72 81 
1 7 0 30    70 77 
1 7 0 31    71 77 
1 7 0 32    69 80 
1 7 0 33    72 80 
1 7 0 34    69 79 
1 7 0 35    72 79 
1 7 0 36    69 78 
1 7 0 37    72 78 
1 7 0 38    70 76 
1 7 0 39    71 76 
1 7 0 40    69 77 
1 7 0 41    72 77 
1 7 0 42    69 76 
1 7 0 43    72 76 
1 7 0 44    69 75 
1 7 0 45    72 75 
1 7 0 46    70 75 
1 7 0 47    71 75 
1 7 0 48    69 74 
1 7 0 49    72 74 
1 7 0 50    69 73 
1 7 0 51    72 73 
1 7 0 52    69 72 
1 7 0 53    72 72 
1 7 0 54    70 74 
1 7 0 55    71 74 
1 7 0 56    69 71 
1 7 0 57    72 71 
1 7 0 58    70 71 
1 7 0 59    71 71 
1 7 0 60    70 72 
1 7 0 61    71 72 
1 7 0 62    70 73 
1 7 0 63    71 73 
1 7 1 00    73 78 
1 7 1 01    74 78 
1 7 1 02    74 81 
1 7 1 03    74 82 
1 7 1 04    74 83 
1 7 1 05    74 84 
1 7 1 06    74 85 
1 7 1 07    75 80 
1 7 1 08    73 77 
1 7 1 09    74 77 
1 7 1 10    74 79 
1 7 1 11    75 79 
1 7 1 12    74 80 
1 7 1 13    75 81 
1 7 1 14    73 85 
1 7 1 15    75 82 
1 7 1 16    73 76 
1 7 1 17    74 76 
1 7 1 18    73 84 
1 7 1 19    75 83 
1 7 1 20    73 83 
1 7 1 21    75 84 
1 7 1 22    73 79 
1 7 1 23    75 78 
1 7 1 24    73 75 
1 7 1 25    74 75 
1 7 1 26    73 82 
1 7 1 27    75 85 
1 7 1 28    73 81 
1 7 1 29    75 76 
1 7 1 30    73 80 
1 7 1 31    75 75 
1 7 1 32    73 74 
1 7 1 33    74 74 
1 7 1 34    75 77 
1 7 1 35    76 84 
1 7 1 36    76 83 
1 7 1 37    76 82 
1 7 1 38    76 81 
1 7 1 39    76 80 
1 7 1 40    73 73 
1 7 1 41    74 73 
1 7 1 43    77 81 
1 7 1 47    75 74 
1 7 1 48    73 72 
1 7 1 49    74 72 
1 7 1 50    75 72 
1 7 1 51    75 73 
1 7 1 52    78 69 
1 7 1 53    75 71 
1 7 1 54    75 70 
1 7 1 55    77 69 
1 7 1 56    73 71 
1 7 1 57    74 71 
1 7 1 58    75 69 
1 7 1 59    76 69 
1 7 1 60    73 69 
1 7 1 61    74 69 
1 7 1 62    73 70 
1 7 1 63    74 70 
1 7 2 00    76 79 
1 7 2 01    77 79 
1 7 2 02    76 78 
1 7 2 03    77 78 
1 7 2 04    78 82 
1 7 2 05    77 80 
1 7 2 06    77 84 
1 7 2 07    78 83 
1 7 2 08    77 83 
1 7 2 09    78 81 
1 7 2 10    76 77 
1 7 2 11    77 77 
1 7 2 12    77 82 
1 7 2 13    79 83 
1 7 2 14    79 82 
1 7 2 15    79 81 
1 7 2 16    78 79 
1 7 2 17    78 80 
1 7 2 18    76 76 
1 7 2 19    77 76 
1 7 2 20    80 83 
1 7 2 21    80 82 
1 7 2 22    79 80 
1 7 2 23    80 81 
1 7 2 24    81 82 
1 7 2 25    82 82 
1 7 2 26    76 75 
1 7 2 27    77 75 
1 7 2 28    78 78 
1 7 2 29    78 77 
1 7 2 30    81 81 
1 7 2 31    78 76 
1 7 2 32    82 81 
1 7 2 33    78 75 
1 7 2 34    76 74 
1 7 2 35    77 74 
1 7 2 36    79 79 
1 7 2 37    78 74 
1 7 2 38    83 81 
1 7 2 39    80 80 
1 7 2 40    83 80 
1 7 2 41    81 80 
1 7 2 42    76 73 
1 7 2 43    77 73 
1 7 2 44    78 73 
1 7 2 45    82 80 
1 7 2 46    84 81 
1 7 2 47    84 80 
1 7 2 48    85 81 
1 7 2 49    85 80 
1 7 2 50    76 72 
1 7 2 51    77 72 
1 7 2 52    85 79 
1 7 2 53    84 79 
1 7 2 54    81 79 
1 7 2 55    82 79 
1 7 2 56    80 79 
1 7 2 57    78 72 
1 7 2 58    76 71 
1 7 2 59    77 71 
1 7 2 60    78 70 
1 7 2 61    78 71 
1 7 2 62    76 70 
1 7 2 63    77 70 
1 7 3 00    79 78 
1 7 3 01    80 78 
1 7 3 02    83 79 
1 7 3 03    86 80 
1 7 3 04    86 79 
1 7 3 05    87 80 
1 7 3 06    80 77 
1 7 3 07    87 79 
1 7 3 08    85 78 
1 7 3 09    81 78 
1 7 3 10    83 78 
1 7 3 11    80 76 
1 7 3 12    82 78 
1 7 3 13    84 78 
1 7 3 14    88 80 
1 7 3 15    88 79 
1 7 3 16    88 78 
1 7 3 17    87 78 
1 7 3 18    81 77 
1 7 3 19    81 76 
1 7 3 20    80 75 
1 7 3 21    81 75 
1 7 3 22    86 78 
1 7 3 23    88 77 
1 7 3 24    82 77 
1 7 3 25    87 77 
1 7 3 26    83 77 
1 7 3 27    84 77 
1 7 3 28    86 77 
1 7 3 29    85 77 
1 7 3 30    80 74 
1 7 3 31    81 74 
1 7 3 32    79 74 
1 7 3 33    81 73 
1 7 3 34    79 73 
1 7 3 35    80 73 
1 7 3 36    81 71 
1 7 3 37    81 72 
1 7 3 38    81 69 
1 7 3 39    81 70 
1 7 3 40    79 75 
1 7 3 41    79 76 
1 7 3 42    79 72 
1 7 3 43    80 72 
1 7 3 44    79 77 
1 7 3 45    83 69 
1 7 3 46    85 69 
1 7 3 47    84 69 
1 7 3 48    87 69 
1 7 3 49    86 69 
1 7 3 50    79 71 
1 7 3 51    80 71 
1 7 3 52    86 68 
1 7 3 53    87 68 
1 7 3 54    81 68 
1 7 3 55    85 68 
1 7 3 56    83 68 
1 7 3 57    82 68 
1 7 3 58    80 68 
1 7 3 59    84 68 
1 7 3 60    79 70 
1 7 3 61    80 70 
1 7 3 62    79 69 
1 7 3 63    80 69 
1 7 4 00    89 79 
1 7 4 01    89 78 
1 7 4 02    89 77 
1 7 4 03    90 79 
1 7 4 04    90 78 
1 7 4 05    82 76 
1 7 4 06    90 77 
1 7 4 07    91 78 
1 7 4 08    83 76 
1 7 4 09    84 76 
1 7 4 10    85 76 
1 7 4 11    82 75 
1 7 4 12    86 76 
1 7 4 13    87 76 
1 7 4 14    83 75 
1 7 4 15    88 76 
1 7 4 16    89 76 
1 7 4 17    90 76 
1 7 4 18    90 75 
1 7 4 19    89 75 
1 7 4 20    88 75 
1 7 4 21    84 75 
1 7 4 22    82 74 
1 7 4 23    83 74 
1 7 4 24    84 74 
1 7 4 25    85 75 
1 7 4 26    86 75 
1 7 4 27    87 75 
1 7 4 28    82 73 
1 7 4 29    83 73 
1 7 4 30    89 74 
1 7 4 31    88 74 
1 7 4 32    87 74 
1 7 4 33    86 74 
1 7 4 34    85 74 
1 7 4 35    84 73 
1 7 4 36    85 73 
1 7 4 37    86 73 
1 7 4 38    82 72 
1 7 4 39    83 72 
1 7 4 40    84 72 
1 7 4 41    85 72 
1 7 4 42    86 72 
1 7 4 43    87 73 
1 7 4 44    87 72 
1 7 4 45    88 73 
1 7 4 46    82 71 
1 7 4 47    88 72 
1 7 4 48    83 71 
1 7 4 49    89 73 
1 7 4 50    89 72 
1 7 4 51    84 71 
1 7 4 52    85 71 
1 7 4 53    86 71 
1 7 4 54    87 71 
1 7 4 55    82 70 
1 7 4 56    88 71 
1 7 4 57    83 70 
1 7 4 58    84 70 
1 7 4 59    85 70 
1 7 4 60    86 70 
1 7 4 61    87 70 
1 7 4 62    88 70 
1 7 4 63    82 69 
